0.87 18.00
1.00 33.00
0.73 16.00
0.73 20.00
0.87 22.00
0.60 13.00
0.60 17.00
0.20 10.00
1.00 25.00
0.20 9.00
0.87 28.00
0.60 23.00
0.20 10.00
0.20 7.00
0.47 19.00
0.60 18.00
0.73 20.00
1.00 39.00
1.00 31.00
0.33 13.00
0.60 18.00
0.73 27.00
0.87 23.00
1.00 20.00
0.73 25.00
0.73 21.00
1.00 21.00
0.60 22.00
0.73 22.00
0.20 10.00
0.87 23.00
0.60 10.00
0.60 19.00
0.60 19.00
0.20 11.00
0.60 9.00
1.00 10.00
0.73 27.00
0.87 26.00
0.47 19.00
0.87 24.00
1.00 15.00
0.73 28.00
0.87 26.00
0.20 12.00
0.60 17.00
0.87 27.00
0.73 20.00
1.00 18.00
0.60 18.00
0.73 12.00
0.73 21.00
0.73 17.00
0.47 17.00
0.60 18.00
0.33 9.00
0.47 13.00
1.15 17.00
0.87 30.00
1.00 35.00
0.87 25.00
0.73 25.00
1.15 21.00
0.60 24.00
0.47 19.00
0.60 19.00
1.36 11.00
0.87 15.00
1.00 37.00
0.87 30.00
0.33 12.00
0.73 23.00
0.73 28.00
0.73 31.00
0.73 22.00
0.73 20.00
0.87 12.00
0.60 25.00
1.67 5.00
1.00 21.00
1.00 35.00
0.73 25.00
0.20 12.00
0.73 26.00
1.00 29.00
0.87 32.00
0.60 25.00
0.73 28.00
1.00 35.00
0.73 21.00
0.87 28.00
1.00 18.00
0.20 12.00
0.73 27.00
0.73 18.00
1.00 28.00
0.87 23.00
0.73 21.00
0.87 26.00
0.73 17.00
0.73 24.00
0.87 25.00
0.73 21.00
0.87 30.00
1.00 29.00
1.00 25.00
1.00 31.00
0.60 19.00
1.00 33.00
0.73 21.00
0.73 25.00
1.00 31.00
0.20 11.00
1.15 21.00
1.00 23.00
1.00 39.00
1.00 32.00
0.73 12.00
0.60 11.00
1.00 16.00
0.87 36.00
1.00 30.00
1.15 25.00
0.60 25.00
0.33 12.00
0.87 31.00
0.20 12.00
0.87 18.00
1.00 37.00
0.33 12.00
1.00 31.00
0.73 21.00
1.00 36.00
0.87 31.00
1.00 39.00
1.00 22.00
0.47 20.00
0.33 16.00
0.87 21.00
0.73 22.00
1.00 25.00
0.73 22.00
0.73 28.00
0.73 27.00
0.20 11.00
0.87 12.00
0.73 28.00
0.87 34.00
0.87 23.00
0.60 18.00
0.60 12.00
0.60 20.00
0.60 22.00
1.00 21.00
0.73 20.00
0.60 12.00
1.00 18.00
1.00 36.00
1.00 19.00
0.73 19.00
0.60 23.00
0.73 26.00
0.73 16.00
0.73 26.00
0.73 32.00
0.73 30.00
0.73 24.00
0.87 14.00
0.47 12.00
1.36 25.00
1.15 21.00
1.67 7.00
0.73 15.00
0.73 27.00
1.00 31.00
0.33 17.00
1.00 34.00
1.00 19.00
0.73 17.00
0.20 12.00
1.00 34.00
1.00 20.00
1.67 10.00
1.15 36.00
0.33 12.00
1.00 30.00
0.60 18.00
1.00 21.00
1.00 37.00
1.15 33.00
0.87 15.00
0.47 21.00
0.87 22.00
0.73 26.00
0.60 20.00
0.87 17.00
0.47 18.00
0.20 8.00
0.73 23.00
1.00 26.00
0.73 20.00
0.87 23.00
1.00 20.00
1.67 7.00
1.00 14.00
0.60 20.00
0.20 12.00
0.87 21.00
1.36 9.00
0.47 14.00
0.60 19.00
0.60 21.00
0.33 12.00
0.60 15.00
1.15 27.00
0.73 28.00
0.73 25.00
0.60 20.00
0.73 22.00
0.87 19.00
0.47 14.00
0.20 12.00
0.87 28.00
1.36 6.00
0.60 20.00
1.00 33.00
1.15 35.00
0.73 27.00
1.00 14.00
1.00 33.00
0.87 27.00
0.73 20.00
0.73 19.00
0.20 12.00
0.20 12.00
0.73 19.00
0.20 12.00
0.73 27.00
1.00 28.00
0.73 12.00
0.60 20.00
1.00 26.00
0.60 11.00
1.00 19.00
0.47 14.00
0.20 10.00
0.33 14.00
1.15 34.00
1.15 35.00
1.00 35.00
0.33 16.00
0.20 9.00
0.60 19.00
0.20 12.00
0.73 23.00
1.00 28.00
0.20 12.00
0.60 12.00
0.33 14.00
0.20 12.00
0.73 15.00
0.73 28.00
0.73 20.00
0.87 22.00
0.73 15.00
1.00 35.00
0.87 23.00
0.60 12.00
0.73 26.00
0.87 31.00
0.60 19.00
0.73 21.00
0.87 22.00
0.20 12.00
0.73 23.00
0.73 21.00
0.60 21.00
0.73 23.00
0.87 26.00
1.00 29.00
1.00 29.00
0.20 7.00
0.73 12.00
0.87 31.00
0.20 9.00
0.87 33.00
0.73 24.00
0.73 17.00
0.87 21.00
0.20 12.00
0.33 13.00
0.47 20.00
0.73 14.00
0.73 28.00
1.00 38.00
1.00 32.00
0.73 19.00
0.73 9.00
0.47 15.00
0.87 18.00
0.73 14.00
0.60 10.00
0.73 25.00
0.73 17.00
0.73 21.00
0.60 15.00
0.73 12.00
0.87 26.00
0.60 21.00
0.33 12.00
1.15 18.00
0.20 12.00
1.00 24.00
0.20 12.00
1.00 20.00
0.60 9.00
0.60 26.00
0.73 19.00
1.00 19.00
0.20 9.00
0.87 10.00
1.00 22.00
0.60 12.00
0.47 18.00
0.73 18.00
0.47 22.00
0.60 14.00
0.73 30.00
0.87 28.00
0.73 22.00
0.87 33.00
0.60 28.00
0.87 32.00
1.00 35.00
1.00 38.00
0.73 24.00
0.73 14.00
0.60 20.00
0.60 21.00
0.33 11.00
1.00 28.00
0.73 28.00
1.00 32.00
0.60 25.00
0.20 12.00
1.00 29.00
0.73 29.00
0.87 24.00
1.00 32.00
1.00 27.00
1.00 32.00
1.15 35.00
0.87 27.00
0.20 12.00
0.60 24.00
1.00 36.00
0.33 14.00
1.00 28.00
1.00 14.00
1.00 20.00
0.73 23.00
0.60 18.00
0.87 25.00
1.00 36.00
0.20 12.00
1.00 30.00
1.00 17.00
1.00 15.00
0.87 14.00
0.73 12.00
0.87 27.00
0.73 29.00
0.73 24.00
1.00 20.00
1.00 19.00
1.00 26.00
1.00 27.00
1.00 31.00
0.87 29.00
0.33 6.00
0.07 6.00
0.47 12.00
0.60 9.00
0.47 7.00
0.73 11.00
0.33 14.00
0.60 22.00
1.00 27.00
1.36 13.00
0.73 10.00
1.15 34.00
1.00 30.00
1.00 25.00
0.20 12.00
0.47 12.00
0.33 11.00
0.87 21.00
0.47 14.00
0.47 13.00
0.60 12.00
1.00 35.00
0.47 18.00
1.00 35.00
1.67 6.00
0.60 14.00
0.73 24.00
1.00 27.00
0.73 17.00
0.73 9.00
1.00 27.00
0.73 25.00
0.73 19.00
1.36 10.00
0.73 17.00
0.87 31.00
0.73 24.00
1.00 17.00
0.33 14.00
0.60 14.00
0.73 19.00
0.87 19.00
0.73 22.00
0.60 11.00
0.73 15.00
0.73 14.00
0.87 28.00
0.73 20.00
0.73 18.00
0.33 15.00
0.73 26.00
3.00 0.00
0.20 12.00
0.60 11.00
1.00 29.00
0.60 23.00
1.00 30.00
1.00 16.00
0.73 11.00
0.87 23.00
1.00 29.00
0.73 20.00
1.36 11.00
0.60 13.00
0.87 28.00
0.87 26.00
0.47 12.00
0.20 12.00
0.60 22.00
1.00 21.00
1.00 30.00
0.60 9.00
0.87 20.00
0.87 25.00
0.87 22.00
0.87 14.00
0.73 16.00
0.20 9.00
0.60 22.00
0.60 19.00
0.33 10.00
0.60 13.00
0.60 20.00
0.87 13.00
0.87 20.00
1.00 18.00
0.60 17.00
0.20 12.00
0.60 18.00
0.73 14.00
0.33 12.00
0.73 9.00
1.00 32.00
0.73 12.00
0.87 26.00
1.00 28.00
0.33 13.00
0.60 23.00
1.00 28.00
0.87 13.00
1.00 32.00
0.73 28.00
1.00 33.00
1.36 5.00
0.87 22.00
0.33 12.00
1.00 37.00
0.87 32.00
0.20 11.00
0.60 15.00
0.47 17.00
0.73 21.00
0.73 18.00
1.00 20.00
0.87 21.00
0.47 13.00
1.00 19.00
1.00 28.00
0.73 11.00
0.73 23.00
0.60 22.00
0.73 24.00
1.67 6.00
1.00 16.00
0.33 9.00
0.73 32.00
1.00 19.00
0.20 11.00
1.00 17.00
0.20 9.00
0.60 18.00
0.20 9.00
0.73 21.00
0.73 9.00
0.87 24.00
0.73 22.00
0.87 22.00
1.00 10.00
0.87 17.00
0.20 12.00
0.73 27.00
1.15 27.00
0.60 18.00
0.60 20.00
0.60 14.00
0.87 12.00
0.73 13.00
0.20 11.00
0.73 24.00
0.87 30.00
0.20 12.00
0.73 18.00
1.00 15.00
0.60 26.00
0.47 16.00
1.15 17.00
0.60 21.00
1.00 23.00
0.33 15.00
0.87 20.00
1.00 20.00
0.73 23.00
0.60 18.00
0.73 18.00
0.60 20.00
1.00 22.00
0.73 19.00
1.00 14.00
0.20 10.00
0.60 20.00
0.73 16.00
0.47 19.00
1.00 24.00
0.87 23.00
0.47 10.00
0.87 17.00
0.73 25.00
0.87 24.00
0.33 13.00
1.00 20.00
0.87 21.00
0.87 23.00
0.60 10.00
0.73 27.00
0.60 14.00
1.00 13.00
0.60 20.00
0.73 24.00
0.60 25.00
0.60 20.00
0.73 19.00
0.73 21.00
0.87 18.00
0.20 12.00
0.73 13.00
1.15 24.00
0.87 31.00
1.00 35.00
1.00 31.00
1.15 26.00
1.00 27.00
1.00 29.00
1.00 34.00
0.87 14.00
1.36 7.00
0.60 21.00
0.87 21.00
1.00 12.00
1.15 18.00
1.15 34.00
0.73 21.00
1.00 23.00
1.00 27.00
1.00 24.00
0.87 24.00
0.87 12.00
1.15 35.00
0.33 11.00
1.15 22.00
0.60 15.00
0.20 9.00
0.60 22.00
0.73 28.00
0.60 18.00
0.87 19.00
0.73 13.00
0.60 18.00
0.87 13.00
0.60 20.00
1.36 5.00
0.87 11.00
0.87 22.00
1.00 31.00
0.73 27.00
0.87 30.00
1.36 12.00
0.87 21.00
1.00 18.00
1.00 21.00
0.87 25.00
0.47 21.00
0.20 12.00
0.20 12.00
0.73 21.00
0.47 18.00
0.73 21.00
0.73 25.00
0.87 15.00
1.36 15.00
0.33 17.00
1.67 7.00
0.87 23.00
1.15 25.00
0.20 12.00
0.33 13.00
0.87 18.00
1.36 14.00
1.00 34.00
0.87 32.00
1.15 21.00
0.87 24.00
1.00 31.00
1.00 31.00
0.33 18.00
1.00 18.00
0.73 19.00
0.60 9.00
1.00 21.00
1.67 6.00
0.60 20.00
0.73 24.00
0.73 20.00
0.87 27.00
0.60 20.00
0.87 26.00
1.15 26.00
1.67 10.00
0.73 16.00
0.73 21.00
0.87 22.00
0.60 24.00
0.73 23.00
0.87 34.00
1.00 35.00
1.00 35.00
0.73 22.00
0.73 27.00
1.00 25.00
0.60 21.00
1.00 20.00
0.73 24.00
0.87 25.00
0.87 21.00
0.73 24.00
0.60 25.00
0.20 12.00
0.87 22.00
1.15 23.00
0.73 21.00
1.00 24.00
0.60 23.00
0.60 6.00
0.60 23.00
0.73 27.00
0.47 22.00
0.60 23.00
0.60 25.00
0.73 20.00
0.73 22.00
0.73 22.00
0.73 17.00
0.87 22.00
1.15 19.00
0.73 15.00
1.00 28.00
1.36 9.00
0.60 20.00
0.73 26.00
0.73 22.00
0.20 12.00
0.20 11.00
0.20 12.00
0.20 12.00
0.87 14.00
0.20 10.00
1.00 22.00
0.33 12.00
1.00 20.00
0.33 14.00
0.87 24.00
0.73 27.00
0.60 21.00
0.87 27.00
1.00 25.00
0.60 21.00
0.20 9.00
0.87 22.00
1.00 29.00
0.60 21.00
0.60 13.00
0.07 6.00
0.33 9.00
0.60 16.00
0.60 10.00
0.73 15.00
0.60 22.00
0.47 18.00
0.60 24.00
0.20 10.00
0.20 12.00
0.47 17.00
0.87 18.00
0.87 26.00
1.00 21.00
1.00 30.00
1.00 24.00
1.15 22.00
1.00 35.00
1.00 33.00
0.33 12.00
0.20 11.00
1.00 31.00
0.73 23.00
0.73 23.00
0.87 27.00
0.87 20.00
1.00 30.00
0.60 23.00
0.87 23.00
0.73 25.00
0.87 20.00
0.60 22.00
0.47 16.00
0.47 12.00
0.20 7.00
0.60 23.00
1.00 19.00
0.20 12.00
0.60 21.00
1.00 32.00
0.73 31.00
1.36 18.00
1.15 31.00
0.33 17.00
0.73 17.00
0.73 25.00
1.15 20.00
0.20 12.00
0.73 22.00
0.47 14.00
1.00 30.00
0.73 20.00
0.33 12.00
0.47 14.00
0.87 17.00
1.15 30.00
0.33 15.00
0.87 19.00
1.67 9.00
1.00 25.00
0.73 23.00
0.20 10.00
0.87 24.00
0.73 26.00
0.73 10.00
1.00 40.00
0.87 21.00
0.20 12.00
0.60 22.00
0.60 21.00
0.47 13.00
0.20 10.00
0.60 19.00
0.73 20.00
0.87 21.00
1.00 30.00
0.20 9.00
0.87 28.00
0.87 20.00
0.20 9.00
0.73 22.00
0.20 8.00
0.73 19.00
0.73 10.00
0.73 9.00
1.00 32.00
0.87 23.00
0.73 23.00
1.00 38.00
0.20 12.00
1.00 30.00
0.20 11.00
0.47 20.00
0.73 19.00
0.73 19.00
0.60 17.00
0.20 12.00
0.73 26.00
0.87 14.00
0.87 29.00
0.60 24.00
0.60 21.00
0.73 24.00
1.15 20.00
0.60 16.00
0.73 20.00
0.60 16.00
1.00 31.00
0.87 29.00
0.87 34.00
1.00 32.00
1.00 31.00
0.60 13.00
0.73 23.00
0.87 27.00
1.00 30.00
1.00 30.00
0.60 22.00
0.87 25.00
0.60 14.00
1.00 32.00
1.00 34.00
0.73 31.00
1.00 33.00
1.00 19.00
0.73 14.00
0.87 30.00
0.73 15.00
0.47 17.00
0.87 17.00
0.87 29.00
0.60 11.00
0.87 23.00
0.60 23.00
1.00 18.00
0.87 20.00
0.87 14.00
0.87 26.00
0.87 28.00
0.73 31.00
0.33 16.00
0.60 20.00
1.00 21.00
1.00 31.00
0.87 26.00
1.00 24.00
1.00 29.00
0.73 21.00
1.00 30.00
0.73 22.00
1.00 33.00
0.87 34.00
1.00 38.00
1.15 33.00
0.87 35.00
1.00 21.00
1.15 22.00
1.36 11.00
1.00 25.00
0.87 27.00
1.00 28.00
1.00 20.00
0.87 18.00
0.73 22.00
0.73 26.00
0.60 18.00
0.73 25.00
0.60 22.00
0.73 21.00
0.73 24.00
0.60 21.00
0.73 12.00
0.73 16.00
0.87 30.00
1.00 33.00
0.73 28.00
0.33 16.00
1.00 15.00
0.73 23.00
0.60 18.00
0.47 9.00
0.73 27.00
1.00 17.00
0.73 21.00
0.87 28.00
0.87 22.00
0.60 12.00
1.00 37.00
1.15 31.00
1.15 28.00
0.73 9.00
0.73 17.00
0.20 10.00
0.73 29.00
0.73 23.00
0.73 12.00
1.00 28.00
1.00 32.00
1.00 11.00
0.47 10.00
0.73 22.00
1.15 15.00
0.73 22.00
1.67 4.00
0.73 25.00
0.87 23.00
0.73 24.00
1.00 27.00
0.87 33.00
1.00 33.00
1.15 22.00
1.15 33.00
1.15 28.00
0.33 13.00
1.00 27.00
0.87 19.00
0.60 16.00
0.60 17.00
0.20 7.00
0.87 24.00
1.00 21.00
1.00 31.00
0.20 12.00
0.73 18.00
0.73 28.00
1.00 34.00
1.00 19.00
0.73 16.00
0.73 21.00
0.87 33.00
0.73 33.00
1.00 30.00
0.60 24.00
0.73 26.00
0.60 21.00
0.20 12.00
0.73 25.00
0.73 16.00
0.87 30.00
0.73 28.00
0.20 12.00
0.87 32.00
1.00 23.00
0.60 24.00
0.73 14.00
1.00 21.00
0.87 24.00
0.73 19.00
1.00 27.00
0.33 17.00
0.73 28.00
0.87 28.00
0.73 20.00
0.73 17.00
0.60 25.00
0.20 11.00
1.00 22.00
1.36 9.00
0.87 31.00
1.00 20.00
1.15 35.00
0.87 26.00
1.00 38.00
1.00 33.00
0.73 23.00
0.87 29.00
0.60 17.00
1.00 21.00
0.87 19.00
0.47 16.00
1.00 30.00
0.60 18.00
0.87 12.00
0.60 17.00
0.60 18.00
0.87 10.00
0.73 28.00
0.73 23.00
1.15 25.00
0.73 19.00
1.15 31.00
0.87 35.00
0.60 25.00
0.73 22.00
0.87 26.00
1.67 5.00
0.60 27.00
0.87 29.00
0.73 23.00
0.33 16.00
0.60 21.00
0.60 16.00
0.33 15.00
0.47 11.00
0.60 22.00
0.60 18.00
0.60 15.00
0.73 21.00
0.87 28.00
1.00 39.00
1.00 22.00
0.73 30.00
0.87 22.00
1.00 27.00
0.73 13.00
0.73 22.00
0.87 33.00
0.60 21.00
0.60 22.00
0.87 28.00
0.73 29.00
0.47 21.00
0.87 34.00
0.73 27.00
0.87 15.00
0.87 24.00
0.60 23.00
1.00 19.00
0.87 24.00
1.00 23.00
0.73 15.00
1.00 28.00
1.00 32.00
0.47 15.00
0.47 19.00
0.60 12.00
0.60 22.00
1.00 22.00
0.87 29.00
0.73 29.00
1.00 16.00
1.00 31.00
0.73 27.00
0.33 13.00
0.87 32.00
0.60 8.00
1.15 20.00
1.15 22.00
0.73 19.00
0.73 26.00
1.00 42.00
0.87 14.00
0.60 13.00
0.60 11.00
0.73 25.00
0.73 28.00
0.87 31.00
0.47 19.00
0.47 11.00
0.47 13.00
0.33 13.00
0.73 17.00
0.60 14.00
0.73 16.00
0.47 15.00
0.20 7.00
0.20 10.00
0.47 18.00
0.87 25.00
0.73 33.00
1.15 30.00
1.00 26.00
1.00 32.00
0.47 14.00
0.87 20.00
0.73 26.00
0.33 15.00
0.33 16.00
0.60 17.00
0.73 16.00
1.00 15.00
0.87 13.00
0.60 21.00
0.47 15.00
0.33 14.00
0.60 18.00
0.60 18.00
0.87 23.00
0.20 11.00
0.73 27.00
1.00 33.00
0.20 12.00
0.33 13.00
0.73 31.00
0.73 31.00
0.87 29.00
0.73 24.00
0.20 9.00
0.60 22.00
0.60 14.00
0.20 12.00
0.87 14.00
0.33 13.00
0.47 22.00
0.20 12.00
0.20 12.00
0.73 30.00
0.87 33.00
0.33 17.00
0.60 21.00
0.33 11.00
0.87 33.00
1.00 26.00
1.00 21.00
1.00 13.00
1.00 28.00
1.36 20.00
1.00 29.00
0.87 22.00
0.60 9.00
1.00 21.00
1.00 14.00
1.00 26.00
1.00 26.00
0.73 14.00
0.60 19.00
0.20 9.00
0.87 15.00
1.15 19.00
0.87 12.00
0.73 21.00
0.20 12.00
0.87 12.00
0.73 10.00
0.73 14.00
1.00 28.00
0.60 20.00
0.47 16.00
1.15 25.00
0.47 20.00
0.73 27.00
0.73 26.00
0.20 11.00
0.87 29.00
1.00 28.00
1.00 29.00
1.00 26.00
0.60 21.00
0.73 17.00
0.73 25.00
0.60 16.00
0.60 9.00
1.00 16.00
0.87 18.00
1.00 32.00
0.87 28.00
1.00 30.00
0.47 17.00
0.87 29.00
1.00 26.00
1.00 26.00
0.47 16.00
0.73 25.00
0.87 25.00
1.00 24.00
0.60 23.00
0.47 11.00
0.87 21.00
0.73 20.00
1.36 16.00
1.00 23.00
1.00 37.00
0.73 21.00
0.20 12.00
1.15 37.00
0.20 8.00
0.60 19.00
0.73 15.00
0.60 19.00
0.73 23.00
0.73 27.00
0.60 27.00
0.87 24.00
0.20 12.00
0.87 28.00
1.00 30.00
0.60 13.00
0.60 15.00
1.00 26.00
1.15 33.00
0.47 16.00
0.07 6.00
0.60 18.00
0.20 12.00
0.87 31.00
1.00 31.00
0.20 11.00
0.60 16.00
0.20 9.00
0.73 19.00
0.60 19.00
0.20 10.00
0.73 25.00
0.87 26.00
0.73 31.00
0.33 14.00
0.73 20.00
0.73 25.00
0.60 16.00
0.47 16.00
0.33 13.00
1.00 24.00
1.00 28.00
0.33 12.00
1.00 29.00
0.20 8.00
1.00 29.00
0.87 31.00
0.33 12.00
0.33 12.00
1.15 18.00
0.33 16.00
0.73 25.00
1.15 39.00
1.67 10.00
0.73 19.00
0.33 12.00
0.60 28.00
0.60 19.00
0.73 21.00
1.00 24.00
1.00 39.00
0.33 12.00
0.47 12.00
0.60 12.00
0.87 15.00
0.73 22.00
0.20 9.00
1.00 23.00
0.87 22.00
0.87 32.00
1.00 38.00
0.20 10.00
0.87 19.00
0.33 12.00
0.33 12.00
0.87 28.00
0.73 34.00
0.20 10.00
0.87 25.00
1.00 21.00
0.73 16.00
1.00 20.00
0.73 18.00
0.20 12.00
0.60 17.00
0.73 20.00
1.00 18.00
0.20 10.00
0.73 15.00
0.60 20.00
0.73 14.00
1.00 20.00
0.20 9.00
1.00 18.00
0.73 9.00
0.60 19.00
0.87 16.00
0.33 15.00
1.00 19.00
0.73 23.00
1.15 19.00
0.33 12.00
1.00 16.00
0.87 10.00
0.87 24.00
0.33 16.00
0.87 28.00
1.00 35.00
0.47 20.00
0.87 24.00
0.33 16.00
1.00 33.00
0.73 26.00
0.20 12.00
0.33 17.00
1.36 12.00
0.20 10.00
1.00 17.00
1.00 18.00
0.60 19.00
0.73 15.00
1.00 31.00
0.60 19.00
0.47 9.00
0.60 13.00
1.00 30.00
1.00 31.00
1.00 32.00
0.87 19.00
1.00 13.00
1.00 27.00
1.00 37.00
1.00 33.00
1.00 26.00
0.73 13.00
1.00 27.00
0.73 23.00
1.00 18.00
0.73 19.00
0.73 20.00
1.00 26.00
0.87 20.00
0.73 27.00
1.15 22.00
1.00 12.00
0.73 25.00
0.87 30.00
0.87 30.00
0.87 28.00
0.73 22.00
0.73 23.00
1.00 35.00
0.87 28.00
1.00 26.00
0.60 20.00
0.20 11.00
0.47 21.00
0.47 15.00
0.73 10.00
0.73 13.00
0.20 12.00
0.60 24.00
0.47 14.00
0.60 21.00
0.60 24.00
0.20 7.00
0.60 21.00
0.60 19.00
0.07 6.00
0.73 19.00
0.20 12.00
0.60 21.00
0.87 35.00
0.33 15.00
0.60 26.00
0.60 24.00
0.87 21.00
0.20 9.00
0.87 28.00
0.87 27.00
1.15 28.00
0.73 25.00
0.20 12.00
0.47 19.00
0.60 21.00
0.33 12.00
0.73 20.00
0.47 10.00
0.73 26.00
1.00 24.00
0.20 12.00
0.87 30.00
1.00 26.00
1.00 27.00
0.73 23.00
0.87 29.00
0.60 9.00
0.73 20.00
0.60 22.00
0.60 14.00
1.00 18.00
0.60 20.00
0.60 18.00
0.73 21.00
0.20 11.00
0.87 31.00
1.15 18.00
1.00 33.00
1.00 31.00
1.00 21.00
0.73 25.00
1.00 25.00
0.87 30.00
0.20 12.00
1.15 25.00
1.00 27.00
1.15 25.00
1.36 17.00
1.00 34.00
1.15 25.00
0.47 6.00
0.60 15.00
0.73 19.00
0.60 17.00
1.15 14.00
0.73 20.00
0.60 20.00
0.87 21.00
0.87 31.00
0.87 17.00
0.87 34.00
0.87 24.00
0.33 16.00
1.15 24.00
0.33 16.00
0.73 14.00
0.60 22.00
0.20 7.00
0.73 12.00
0.60 8.00
0.87 19.00
0.73 20.00
0.60 21.00
0.60 23.00
1.36 18.00
0.87 21.00
0.60 26.00
0.20 12.00
0.73 25.00
0.60 23.00
0.87 21.00
0.73 30.00
0.20 12.00
0.20 12.00
0.73 23.00
0.73 20.00
0.60 12.00
1.00 22.00
0.60 19.00
0.87 12.00
0.47 16.00
0.60 10.00
0.60 22.00
0.73 13.00
0.60 20.00
1.00 36.00
0.73 26.00
0.73 27.00
0.60 21.00
0.73 29.00
1.15 30.00
1.00 25.00
0.87 22.00
0.20 10.00
0.73 24.00
0.73 22.00
0.60 22.00
0.60 20.00
0.20 11.00
0.60 27.00
0.73 29.00
0.73 17.00
0.47 20.00
0.20 11.00
0.60 18.00
0.87 28.00
1.36 6.00
0.87 30.00
0.20 12.00
0.73 26.00
0.47 18.00
0.47 18.00
1.00 27.00
0.73 21.00
0.87 21.00
0.73 28.00
0.33 13.00
0.60 22.00
0.60 24.00
0.20 12.00
0.20 12.00
0.20 9.00
0.47 18.00
0.60 17.00
0.20 12.00
0.20 10.00
0.33 15.00
0.60 29.00
0.73 29.00
0.20 12.00
0.60 22.00
0.87 23.00
0.87 29.00
0.87 25.00
0.07 6.00
0.60 15.00
0.60 10.00
0.60 20.00
0.20 8.00
0.20 10.00
0.73 17.00
0.87 25.00
0.20 9.00
0.87 19.00
0.20 12.00
1.00 32.00
0.87 21.00
0.87 30.00
1.00 22.00
0.20 10.00
0.73 27.00
0.73 23.00
0.20 12.00
0.07 6.00
0.20 12.00
1.00 28.00
0.73 18.00
0.87 25.00
0.73 8.00
0.20 12.00
0.73 26.00
0.87 34.00
1.00 21.00
1.00 32.00
0.33 13.00
1.00 27.00
0.73 26.00
0.60 14.00
0.60 14.00
0.20 11.00
0.73 25.00
0.73 17.00
0.73 27.00
0.60 19.00
0.20 8.00
0.73 23.00
0.60 22.00
0.60 11.00
0.60 12.00
0.33 18.00
0.87 32.00
1.00 18.00
1.00 33.00
1.00 30.00
0.87 34.00
0.87 31.00
1.00 36.00
0.33 15.00
0.87 26.00
0.60 21.00
1.15 19.00
1.00 29.00
0.73 28.00
0.47 15.00
0.60 24.00
0.87 26.00
0.33 12.00
0.73 15.00
0.73 24.00
0.20 12.00
1.00 18.00
0.47 18.00
0.60 26.00
0.60 20.00
0.60 22.00
0.07 6.00
0.33 14.00
1.00 35.00
0.87 27.00
0.60 22.00
0.47 16.00
0.33 14.00
0.73 28.00
0.87 30.00
0.33 13.00
0.33 13.00
0.73 27.00
0.60 14.00
0.60 25.00
0.73 26.00
0.20 7.00
0.73 20.00
0.73 15.00
0.87 22.00
1.00 11.00
0.33 13.00
1.00 30.00
1.00 29.00
1.00 20.00
0.20 12.00
1.00 26.00
1.15 21.00
0.73 14.00
0.47 17.00
0.20 9.00
0.60 15.00
0.73 14.00
1.00 33.00
0.73 22.00
0.33 14.00
1.00 36.00
0.60 22.00
0.60 21.00
0.73 23.00
0.20 9.00
0.60 14.00
0.73 22.00
0.20 11.00
0.20 8.00
0.20 12.00
1.00 31.00
1.00 34.00
1.00 31.00
1.00 30.00
0.33 14.00
1.00 35.00
0.87 26.00
1.00 32.00
1.36 18.00
0.20 6.00
0.73 29.00
0.73 23.00
0.73 19.00
0.60 12.00
0.73 24.00
0.73 25.00
0.20 12.00
0.20 12.00
0.60 26.00
0.60 24.00
0.87 26.00
0.73 21.00
0.20 11.00
0.47 17.00
0.47 15.00
0.73 26.00
0.87 23.00
0.20 6.00
0.60 20.00
0.87 18.00
0.20 12.00
0.20 11.00
0.60 25.00
0.60 25.00
0.87 31.00
1.00 36.00
0.33 12.00
0.73 25.00
0.87 26.00
0.87 29.00
0.73 19.00
0.60 19.00
0.60 16.00
0.60 21.00
0.60 21.00
0.33 12.00
0.47 21.00
0.47 19.00
0.73 22.00
1.00 20.00
0.60 22.00
0.73 21.00
0.87 24.00
0.33 13.00
0.73 30.00
0.87 29.00
0.87 29.00
0.33 9.00
0.87 23.00
0.20 9.00
0.73 30.00
0.73 10.00
0.20 9.00
0.60 17.00
0.60 22.00
0.60 14.00
0.60 21.00
1.00 35.00
0.87 18.00
1.00 29.00
0.60 22.00
0.60 19.00
0.33 13.00
0.20 11.00
1.00 35.00
1.15 37.00
0.20 11.00
0.60 25.00
1.15 36.00
0.87 10.00
0.87 11.00
1.00 31.00
1.00 32.00
0.33 12.00
1.15 24.00
0.20 12.00
0.60 25.00
0.73 28.00
1.00 31.00
1.00 37.00
0.20 9.00
0.73 23.00
0.47 18.00
0.60 22.00
0.60 17.00
0.60 26.00
0.73 26.00
0.60 24.00
0.60 22.00
0.47 20.00
1.00 31.00
1.15 34.00
1.00 34.00
0.20 12.00
0.73 24.00
0.87 29.00
0.60 23.00
0.47 15.00
0.60 25.00
0.33 16.00
0.47 17.00
0.73 26.00
0.20 8.00
0.60 23.00
0.73 32.00
0.73 21.00
0.47 10.00
0.60 20.00
0.47 17.00
0.20 11.00
0.60 24.00
1.00 24.00
1.00 30.00
0.73 24.00
1.00 35.00
0.20 11.00
1.00 35.00
0.87 31.00
0.73 27.00
0.87 29.00
0.87 28.00
1.00 28.00
0.47 10.00
1.00 27.00
1.00 30.00
0.20 8.00
1.15 30.00
0.73 16.00
1.00 30.00
1.00 29.00
0.20 10.00
1.15 39.00
0.60 20.00
0.73 17.00
1.00 28.00
0.20 12.00
1.15 35.00
0.73 23.00
0.73 28.00
0.73 19.00
0.60 19.00
1.00 20.00
0.87 23.00
1.00 24.00
1.15 14.00
0.87 29.00
0.73 22.00
0.60 19.00
0.47 16.00
0.73 22.00
0.73 20.00
0.60 10.00
1.00 19.00
1.00 28.00
0.73 11.00
0.73 24.00
1.00 15.00
0.87 23.00
0.73 25.00
0.73 23.00
0.73 24.00
0.87 11.00
0.87 20.00
0.73 21.00
0.87 32.00
1.00 34.00
0.73 31.00
1.00 37.00
0.47 15.00
0.60 16.00
1.00 32.00
0.47 18.00
0.33 9.00
0.73 16.00
0.60 13.00
1.00 26.00
0.87 14.00
0.20 11.00
1.00 24.00
0.73 19.00
0.73 21.00
0.60 12.00
0.73 22.00
0.47 16.00
0.47 17.00
1.00 32.00
0.87 18.00
1.00 31.00
0.87 26.00
0.87 32.00
0.73 17.00
0.60 14.00
0.73 17.00
0.60 21.00
0.87 12.00
0.73 22.00
0.73 24.00
0.73 17.00
1.00 19.00
1.15 30.00
0.73 17.00
0.87 36.00
1.00 25.00
0.73 21.00
1.36 15.00
1.00 23.00
0.60 22.00
1.00 36.00
0.33 15.00
0.73 25.00
0.73 30.00
0.87 15.00
0.73 24.00
0.33 15.00
1.00 34.00
1.15 35.00
0.20 8.00
0.47 12.00
0.20 9.00
0.60 14.00
0.73 9.00
0.87 21.00
0.73 26.00
0.73 30.00
0.73 26.00
0.87 24.00
0.60 16.00
0.73 22.00
0.73 19.00
0.33 12.00
0.73 23.00
1.00 21.00
1.00 28.00
1.00 32.00
0.60 26.00
0.87 32.00
1.67 7.00
1.15 34.00
0.20 12.00
0.87 31.00
1.00 35.00
1.15 23.00
1.00 37.00
1.00 36.00
0.60 25.00
0.60 22.00
0.47 13.00
0.87 33.00
0.87 22.00
0.73 23.00
0.60 15.00
0.47 15.00
0.20 7.00
0.73 20.00
0.07 6.00
0.47 15.00
0.47 9.00
0.73 22.00
0.87 16.00
0.20 12.00
0.60 18.00
0.47 15.00
0.60 13.00
1.36 13.00
0.20 11.00
0.87 36.00
0.87 23.00
0.73 23.00
0.87 31.00
0.20 7.00
0.47 20.00
0.60 15.00
0.73 20.00
0.47 17.00
0.20 12.00
0.73 25.00
0.20 12.00
0.87 29.00
0.20 12.00
0.33 16.00
0.60 19.00
0.60 26.00
0.20 10.00
0.60 26.00
0.73 31.00
1.00 32.00
0.33 13.00
0.20 10.00
0.73 29.00
0.87 24.00
1.00 34.00
0.60 22.00
0.20 6.00
0.60 16.00
0.20 8.00
0.87 15.00
0.20 7.00
0.20 12.00
0.73 30.00
0.33 11.00
0.47 19.00
1.00 15.00
0.33 18.00
0.87 34.00
0.33 18.00
1.00 35.00
0.33 13.00
0.33 13.00
0.87 32.00
0.33 14.00
0.87 27.00
0.20 12.00
0.20 10.00
0.60 23.00
0.60 18.00
0.73 21.00
0.87 15.00
0.33 13.00
0.73 29.00
0.20 12.00
0.73 24.00
0.73 25.00
0.20 11.00
0.87 31.00
0.20 12.00
0.87 23.00
0.47 20.00
0.33 8.00
0.60 24.00
0.20 8.00
0.73 24.00
0.20 6.00
0.20 11.00
0.73 27.00
1.00 31.00
0.20 11.00
0.60 13.00
0.20 12.00
0.87 28.00
1.00 33.00
1.00 31.00
1.00 34.00
0.33 13.00
0.73 25.00
0.33 14.00
0.87 23.00
1.00 31.00
0.20 9.00
0.60 21.00
0.20 10.00
0.73 21.00
0.20 11.00
0.33 16.00
1.00 40.00
1.00 29.00
1.00 37.00
0.33 12.00
0.33 18.00
1.00 37.00
0.20 12.00
0.20 12.00
0.73 28.00
0.87 28.00
0.20 10.00
0.73 30.00
0.87 31.00
0.20 12.00
0.73 22.00
0.20 12.00
0.73 26.00
0.87 27.00
0.20 7.00
0.60 18.00
0.87 21.00
0.20 10.00
1.00 28.00
0.20 7.00
0.60 19.00
0.60 18.00
0.07 6.00
0.87 24.00
0.20 12.00
0.87 35.00
0.87 29.00
1.15 33.00
1.00 25.00
0.33 13.00
0.73 28.00
0.73 30.00
0.47 13.00
0.20 9.00
0.60 22.00
0.20 7.00
0.73 16.00
0.73 23.00
1.00 37.00
0.87 23.00
0.33 14.00
0.33 17.00
1.00 21.00
1.00 23.00
0.87 23.00
0.73 14.00
0.87 20.00
0.73 25.00
0.87 29.00
0.73 23.00
0.33 13.00
0.60 12.00
0.87 30.00
0.60 20.00
0.73 31.00
0.87 31.00
1.00 32.00
0.73 24.00
0.33 12.00
0.87 25.00
0.73 20.00
0.20 9.00
0.87 17.00
1.15 35.00
1.00 34.00
0.87 28.00
0.20 9.00
1.15 33.00
0.33 17.00
0.33 18.00
0.47 20.00
1.15 30.00
0.33 13.00
0.33 14.00
0.33 15.00
0.33 14.00
0.33 13.00
0.87 17.00
0.87 17.00
0.60 11.00
0.60 19.00
0.60 9.00
0.60 15.00
0.20 7.00
0.73 9.00
0.87 12.00
0.60 19.00
0.20 11.00
0.87 12.00
0.47 17.00
1.00 27.00
1.00 32.00
0.87 25.00
0.87 14.00
0.60 12.00
0.87 30.00
0.87 27.00
0.73 14.00
1.00 17.00
0.60 16.00
0.87 19.00
1.00 19.00
1.15 37.00
1.36 11.00
0.87 25.00
1.15 29.00
0.87 32.00
0.87 27.00
0.87 26.00
0.87 26.00
0.87 25.00
1.00 18.00
0.60 14.00
0.47 18.00
0.60 15.00
0.60 20.00
0.73 20.00
0.73 22.00
0.87 12.00
0.47 19.00
0.87 31.00
1.00 30.00
0.87 29.00
1.00 32.00
1.00 16.00
0.60 21.00
0.60 16.00
0.20 11.00
0.60 13.00
0.60 21.00
0.87 31.00
0.87 26.00
0.73 19.00
0.87 21.00
0.20 10.00
0.87 26.00
0.73 27.00
1.00 35.00
0.73 26.00
0.33 12.00
0.73 24.00
0.73 24.00
0.60 20.00
0.87 24.00
0.87 27.00
0.60 25.00
0.60 21.00
0.60 21.00
0.73 28.00
0.73 23.00
0.73 21.00
0.87 23.00
0.87 24.00
0.60 18.00
1.00 24.00
0.60 20.00
0.87 25.00
0.87 21.00
0.73 20.00
0.73 23.00
0.47 18.00
0.87 29.00
0.47 12.00
0.60 15.00
0.47 18.00
1.00 28.00
0.73 20.00
1.67 5.00
0.73 20.00
0.87 19.00
1.00 13.00
1.00 35.00
1.00 21.00
0.20 8.00
1.00 37.00
0.73 27.00
0.73 25.00
0.87 20.00
1.36 11.00
0.87 26.00
1.00 37.00
1.15 35.00
0.33 13.00
0.73 25.00
1.00 26.00
0.87 30.00
0.73 33.00
1.00 21.00
0.87 28.00
0.73 22.00
0.73 26.00
0.73 20.00
1.00 31.00
1.00 27.00
0.47 19.00
0.60 9.00
0.60 19.00
0.60 20.00
0.73 22.00
0.20 10.00
1.00 27.00
1.00 33.00
1.00 25.00
1.00 31.00
0.73 12.00
1.67 9.00
1.00 32.00
1.15 30.00
0.87 32.00
0.73 25.00
0.47 17.00
0.73 23.00
0.87 23.00
0.73 15.00
0.87 31.00
0.60 26.00
0.47 10.00
0.47 14.00
0.47 15.00
0.47 14.00
0.20 7.00
1.36 13.00
1.00 35.00
1.15 22.00
0.87 32.00
1.15 21.00
1.15 34.00
0.87 29.00
0.87 29.00
0.60 20.00
1.00 21.00
1.36 20.00
1.36 26.00
1.00 27.00
1.00 29.00
0.87 27.00
0.33 12.00
1.00 27.00
1.00 24.00
0.60 20.00
0.73 24.00
0.87 26.00
0.73 18.00
0.20 10.00
0.60 20.00
0.60 22.00
0.87 18.00
0.73 11.00
0.33 12.00
0.87 35.00
0.87 31.00
0.33 15.00
0.87 23.00
0.33 12.00
0.73 28.00
1.00 34.00
0.33 16.00
1.15 26.00
0.20 12.00
0.73 27.00
1.00 33.00
0.20 10.00
1.15 26.00
0.33 11.00
1.00 36.00
0.73 24.00
1.36 8.00
0.20 11.00
0.60 25.00
0.73 29.00
1.00 13.00
0.87 17.00
0.47 17.00
0.20 12.00
0.47 16.00
0.20 11.00
0.73 30.00
0.47 18.00
0.87 33.00
0.60 22.00
0.33 14.00
0.60 23.00
0.73 26.00
1.00 33.00
0.87 24.00
0.73 19.00
0.73 22.00
0.87 24.00
0.20 11.00
0.20 11.00
0.33 13.00
0.73 23.00
1.00 30.00
1.67 16.00
0.33 14.00
1.00 34.00
0.73 31.00
0.20 12.00
0.47 20.00
0.47 19.00
0.60 16.00
0.60 24.00
0.87 34.00
1.00 39.00
1.00 29.00
0.73 22.00
0.60 21.00
1.00 34.00
1.00 34.00
0.87 30.00
0.20 12.00
1.00 40.00
0.87 33.00
0.33 13.00
1.00 30.00
0.73 26.00
0.73 29.00
0.47 18.00
0.20 11.00
1.00 23.00
0.87 27.00
0.60 22.00
0.60 23.00
0.87 28.00
0.87 21.00
0.87 22.00
0.73 20.00
0.60 20.00
0.60 16.00
1.00 33.00
0.87 20.00
0.73 26.00
0.73 32.00
0.87 23.00
0.33 15.00
0.73 29.00
0.73 23.00
0.20 12.00
0.20 12.00
0.60 20.00
0.60 21.00
0.60 16.00
0.20 12.00
0.73 27.00
0.73 19.00
0.60 24.00
0.60 22.00
0.87 32.00
0.60 22.00
0.73 32.00
0.73 31.00
0.33 17.00
0.73 31.00
0.87 18.00
0.87 26.00
0.87 30.00
0.87 26.00
1.00 34.00
0.60 17.00
0.73 13.00
0.87 22.00
1.00 20.00
0.33 12.00
0.20 9.00
0.07 6.00
0.33 6.00
0.33 6.00
0.73 25.00
1.00 27.00
0.87 24.00
0.73 22.00
0.20 12.00
1.00 34.00
0.60 19.00
0.20 9.00
1.00 27.00
0.47 10.00
1.00 27.00
0.07 6.00
1.00 27.00
0.20 12.00
1.00 16.00
0.47 17.00
0.87 35.00
1.00 21.00
0.73 28.00
0.87 27.00
0.73 12.00
0.87 20.00
0.60 17.00
0.60 19.00
0.73 18.00
0.47 22.00
1.00 33.00
1.00 34.00
0.33 13.00
0.87 28.00
1.00 29.00
0.73 26.00
0.87 26.00
1.00 26.00
1.15 25.00
0.87 15.00
1.00 36.00
0.33 15.00
0.87 28.00
0.60 25.00
0.73 28.00
0.20 12.00
0.87 21.00
0.73 28.00
0.60 26.00
0.87 31.00
1.00 28.00
0.73 30.00
0.73 17.00
0.33 12.00
1.00 31.00
1.15 17.00
0.87 24.00
0.73 17.00
1.00 37.00
0.73 23.00
0.73 26.00
0.73 26.00
0.60 26.00
0.87 33.00
0.73 27.00
0.73 12.00
0.87 23.00
1.00 23.00
0.73 17.00
0.87 20.00
0.20 8.00
0.20 9.00
0.73 15.00
0.20 7.00
0.60 12.00
0.60 11.00
0.73 14.00
1.00 21.00
0.73 28.00
0.87 29.00
0.73 26.00
0.87 14.00
0.60 19.00
0.20 12.00
0.87 12.00
0.73 28.00
0.60 12.00
1.00 28.00
0.60 22.00
1.00 27.00
0.60 27.00
0.20 12.00
1.00 23.00
0.87 30.00
0.73 26.00
0.87 29.00
0.47 15.00
0.87 30.00
0.47 10.00
0.87 28.00
0.87 21.00
0.87 25.00
0.87 12.00
0.60 13.00
0.60 19.00
0.73 22.00
0.73 23.00
0.73 21.00
0.60 12.00
0.47 20.00
0.73 25.00
0.87 24.00
0.47 18.00
0.73 17.00
0.47 23.00
0.47 13.00
0.73 14.00
0.87 32.00
0.87 18.00
0.47 16.00
0.73 22.00
1.15 27.00
0.60 20.00
0.20 10.00
0.87 21.00
0.87 20.00
0.60 20.00
1.00 22.00
0.87 28.00
0.87 25.00
1.15 45.00
0.87 24.00
0.60 23.00
0.73 23.00
1.00 29.00
0.60 22.00
0.60 19.00
0.47 21.00
0.60 23.00
0.73 24.00
0.60 22.00
1.00 33.00
0.87 22.00
0.60 20.00
0.87 24.00
0.20 12.00
1.00 28.00
1.00 19.00
0.87 34.00
1.00 17.00
0.33 17.00
0.60 12.00
0.47 19.00
0.60 13.00
0.73 21.00
0.60 20.00
0.73 10.00
0.73 13.00
0.73 16.00
1.00 22.00
0.73 12.00
0.47 16.00
1.00 24.00
1.00 27.00
0.60 22.00
0.73 16.00
0.60 22.00
0.33 13.00
0.60 19.00
0.73 28.00
0.20 12.00
0.73 17.00
0.73 23.00
0.60 19.00
0.60 20.00
0.60 20.00
0.20 12.00
0.60 18.00
0.60 19.00
0.73 25.00
0.33 11.00
0.33 9.00
0.20 10.00
0.87 26.00
0.87 32.00
0.73 19.00
1.15 31.00
1.00 32.00
0.60 26.00
0.73 26.00
1.00 21.00
0.20 10.00
0.73 21.00
0.87 36.00
0.87 34.00
0.73 26.00
0.33 13.00
0.73 20.00
0.47 14.00
0.73 21.00
0.47 16.00
0.73 12.00
0.87 27.00
0.60 22.00
0.87 28.00
0.73 14.00
0.20 8.00
0.20 8.00
0.20 8.00
0.73 28.00
0.47 19.00
0.47 9.00
0.73 24.00
0.07 6.00
0.87 16.00
1.00 21.00
0.20 12.00
1.00 33.00
1.00 17.00
0.60 14.00
0.73 18.00
0.60 22.00
1.00 34.00
0.33 13.00
0.60 15.00
0.73 22.00
0.87 11.00
0.87 25.00
0.73 20.00
0.73 19.00
1.00 22.00
0.73 19.00
0.73 13.00
0.20 12.00
0.60 20.00
0.20 12.00
0.87 24.00
0.47 12.00
1.67 4.00
0.60 20.00
1.00 21.00
0.33 13.00
0.87 15.00
1.00 35.00
0.60 22.00
0.87 16.00
1.00 22.00
0.20 9.00
0.60 22.00
0.73 21.00
1.00 25.00
0.87 32.00
0.60 14.00
0.87 25.00
0.73 25.00
0.47 19.00
0.20 11.00
0.87 27.00
0.60 20.00
0.73 25.00
0.60 18.00
0.73 22.00
0.60 22.00
0.60 13.00
0.87 24.00
0.87 28.00
0.20 11.00
1.00 26.00
0.73 29.00
1.00 32.00
0.33 15.00
0.60 22.00
0.73 31.00
0.73 30.00
1.00 33.00
0.33 14.00
0.33 12.00
0.73 23.00
0.47 18.00
0.73 29.00
0.60 24.00
0.87 17.00
0.87 30.00
0.47 18.00
0.73 28.00
0.47 22.00
0.87 26.00
0.73 31.00
1.00 23.00
0.73 30.00
0.73 27.00
0.87 31.00
1.15 26.00
0.60 17.00
0.73 18.00
0.60 15.00
0.73 9.00
0.73 20.00
0.60 16.00
0.60 17.00
0.20 9.00
0.73 17.00
0.60 15.00
0.73 15.00
0.20 6.00
0.60 17.00
0.47 16.00
0.60 22.00
0.60 17.00
0.20 9.00
1.15 13.00
0.73 23.00
0.47 14.00
0.60 22.00
0.87 28.00
1.00 25.00
0.73 16.00
0.60 25.00
0.47 19.00
0.47 18.00
0.73 21.00
0.20 9.00
1.00 23.00
0.73 23.00
1.00 21.00
0.73 14.00
0.87 17.00
0.47 16.00
0.47 20.00
0.47 9.00
0.47 17.00
0.47 8.00
1.00 34.00
1.00 26.00
1.00 34.00
1.00 34.00
1.00 20.00
1.00 27.00
0.73 24.00
0.20 11.00
0.60 14.00
1.15 21.00
0.60 11.00
0.73 29.00
1.00 28.00
0.87 26.00
0.47 15.00
0.87 11.00
0.73 22.00
0.33 11.00
0.87 27.00
0.20 10.00
0.73 12.00
0.87 28.00
0.73 12.00
0.07 6.00
0.60 10.00
0.60 24.00
0.73 24.00
1.00 31.00
0.60 18.00
0.20 11.00
0.20 11.00
0.20 12.00
0.73 18.00
0.60 23.00
0.33 16.00
1.00 29.00
1.15 19.00
0.60 10.00
0.73 14.00
0.20 6.00
0.60 23.00
0.60 16.00
0.87 16.00
0.60 25.00
1.00 34.00
0.33 15.00
0.33 13.00
0.73 12.00
1.00 29.00
0.33 12.00
0.60 22.00
0.87 30.00
0.73 12.00
0.73 26.00
0.60 22.00
0.87 21.00
0.73 31.00
1.00 15.00
0.73 28.00
1.00 24.00
1.00 16.00
0.87 20.00
1.00 26.00
0.73 24.00
0.87 11.00
1.15 34.00
0.87 29.00
1.00 30.00
1.67 8.00
0.73 11.00
1.00 32.00
1.00 23.00
0.73 21.00
0.73 16.00
0.73 12.00
1.00 12.00
1.00 22.00
0.87 30.00
1.15 28.00
0.47 12.00
0.60 23.00
0.20 11.00
0.87 27.00
0.20 11.00
0.73 15.00
0.33 17.00
0.60 27.00
0.87 28.00
0.33 13.00
0.33 16.00
0.73 25.00
0.87 12.00
0.60 24.00
0.20 12.00
0.87 17.00
1.00 27.00
0.60 13.00
0.20 12.00
0.73 13.00
0.73 23.00
0.73 11.00
0.87 21.00
0.73 27.00
1.00 29.00
0.20 11.00
0.87 12.00
0.73 17.00
1.00 32.00
0.73 19.00
0.73 26.00
0.73 15.00
0.73 17.00
0.33 18.00
0.87 15.00
0.87 11.00
0.60 15.00
0.73 18.00
0.73 10.00
0.87 9.00
0.73 21.00
0.87 21.00
0.33 13.00
0.73 23.00
0.73 26.00
0.87 11.00
0.60 21.00
0.73 21.00
0.47 21.00
0.47 24.00
1.00 34.00
0.20 12.00
1.00 33.00
1.00 39.00
0.87 32.00
0.73 26.00
0.87 26.00
0.87 20.00
0.60 23.00
0.60 23.00
0.73 22.00
0.60 23.00
0.60 15.00
0.87 27.00
0.73 20.00
0.47 16.00
0.20 11.00
0.60 21.00
0.73 26.00
1.00 13.00
0.60 17.00
0.60 14.00
0.60 10.00
0.47 13.00
0.73 17.00
0.87 19.00
0.87 26.00
0.87 22.00
0.87 18.00
0.60 12.00
0.73 13.00
0.87 15.00
0.20 9.00
0.60 22.00
0.73 11.00
0.87 14.00
0.20 12.00
0.73 23.00
0.73 18.00
0.87 26.00
0.87 30.00
0.73 27.00
1.00 22.00
0.87 19.00
1.00 32.00
0.60 23.00
1.00 18.00
1.00 13.00
0.87 26.00
1.00 27.00
0.87 35.00
0.73 14.00
0.20 12.00
0.20 12.00
1.00 25.00
1.00 27.00
0.73 14.00
0.87 17.00
1.00 19.00
1.67 5.00
0.60 24.00
0.73 25.00
0.47 20.00
0.73 11.00
0.87 21.00
0.73 21.00
0.73 24.00
0.73 13.00
0.73 9.00
0.20 7.00
0.87 30.00
0.73 22.00
1.00 19.00
1.00 23.00
0.87 32.00
1.00 34.00
0.87 26.00
1.15 30.00
0.87 28.00
0.20 12.00
0.73 17.00
0.60 11.00
0.87 22.00
0.60 23.00
1.00 19.00
1.15 29.00
1.15 17.00
0.87 28.00
0.87 19.00
1.36 10.00
0.33 12.00
0.73 22.00
0.47 8.00
0.47 15.00
0.60 13.00
0.33 13.00
0.87 22.00
0.73 14.00
1.00 35.00
1.00 24.00
0.87 26.00
0.73 19.00
1.15 35.00
1.00 33.00
1.00 29.00
0.20 10.00
1.00 39.00
0.47 16.00
0.73 28.00
0.73 18.00
1.15 12.00
1.15 30.00
0.47 18.00
1.00 29.00
1.00 18.00
0.87 31.00
1.00 29.00
0.73 13.00
0.87 26.00
1.00 22.00
0.87 29.00
1.00 25.00
0.20 12.00
0.60 21.00
1.00 25.00
0.73 27.00
1.00 33.00
1.15 16.00
0.87 29.00
0.73 26.00
0.73 20.00
1.00 38.00
1.00 17.00
0.73 28.00
1.00 24.00
1.00 22.00
1.00 15.00
0.73 22.00
0.87 21.00
0.73 18.00
1.00 19.00
0.73 22.00
0.60 14.00
0.73 24.00
1.00 16.00
0.60 21.00
0.87 21.00
0.87 22.00
1.00 26.00
1.00 30.00
0.87 25.00
1.36 11.00
1.00 32.00
1.00 20.00
0.60 16.00
0.73 18.00
0.60 18.00
0.33 11.00
0.87 24.00
0.87 27.00
0.87 35.00
1.15 18.00
1.00 29.00
0.87 19.00
0.87 28.00
1.00 19.00
0.73 26.00
0.73 15.00
0.60 24.00
0.73 24.00
0.87 26.00
0.73 22.00
1.00 25.00
0.20 10.00
0.73 14.00
0.73 20.00
0.73 12.00
0.60 20.00
1.00 28.00
0.20 9.00
0.87 22.00
0.87 26.00
0.73 29.00
1.00 37.00
0.47 14.00
0.87 24.00
0.60 10.00
0.60 26.00
0.60 21.00
0.60 23.00
0.87 27.00
0.87 25.00
1.00 27.00
0.87 22.00
0.60 24.00
1.00 23.00
0.73 11.00
1.00 22.00
1.15 30.00
0.73 24.00
0.60 21.00
0.47 11.00
0.20 12.00
0.73 14.00
1.00 29.00
0.87 14.00
0.73 15.00
1.00 30.00
0.20 10.00
1.00 22.00
1.00 21.00
1.36 21.00
0.87 32.00
0.20 12.00
0.60 20.00
0.60 15.00
0.73 20.00
0.60 10.00
0.47 17.00
0.60 10.00
0.73 23.00
0.73 23.00
0.73 13.00
0.60 12.00
0.60 16.00
0.73 19.00
1.15 32.00
0.20 8.00
0.73 20.00
1.00 15.00
0.47 18.00
0.87 9.00
0.73 17.00
0.73 17.00
1.00 22.00
0.87 15.00
0.73 24.00
1.00 38.00
0.73 28.00
0.87 38.00
1.00 22.00
0.60 13.00
0.73 13.00
0.73 21.00
0.73 21.00
0.87 25.00
0.73 13.00
0.73 14.00
0.73 24.00
0.60 25.00
0.87 20.00
0.87 13.00
1.00 24.00
1.00 33.00
0.33 13.00
0.87 18.00
0.73 17.00
1.36 9.00
0.87 14.00
1.00 33.00
0.87 27.00
0.60 12.00
1.00 23.00
0.60 23.00
0.87 31.00
1.00 33.00
0.87 18.00
1.36 5.00
0.87 19.00
0.20 10.00
0.60 17.00
0.73 19.00
0.73 12.00
0.60 20.00
0.47 6.00
0.73 18.00
1.15 22.00
0.60 12.00
1.00 25.00
0.73 27.00
0.20 11.00
0.73 22.00
0.87 18.00
0.73 17.00
0.87 27.00
0.73 17.00
1.00 30.00
0.20 11.00
0.73 26.00
0.87 29.00
0.87 22.00
0.73 18.00
1.00 14.00
0.60 17.00
0.20 10.00
0.73 20.00
1.00 17.00
0.47 19.00
0.33 17.00
1.67 8.00
0.73 33.00
0.87 18.00
0.60 26.00
1.00 40.00
0.87 24.00
0.60 17.00
0.87 28.00
0.87 18.00
0.60 23.00
0.87 31.00
0.73 13.00
0.73 22.00
1.00 31.00
0.87 26.00
1.00 13.00
0.60 13.00
0.33 17.00
1.36 19.00
0.33 13.00
0.60 19.00
0.60 21.00
0.60 26.00
0.20 12.00
0.33 15.00
0.73 22.00
0.73 24.00
0.87 26.00
0.87 25.00
0.73 29.00
0.20 10.00
0.20 10.00
0.73 19.00
0.60 13.00
0.60 20.00
0.60 20.00
0.47 15.00
1.00 23.00
0.47 9.00
1.00 34.00
0.60 17.00
0.47 17.00
0.60 20.00
0.20 10.00
0.60 13.00
0.60 25.00
0.73 20.00
0.73 14.00
1.00 24.00
1.00 27.00
1.00 22.00
0.87 27.00
0.33 16.00
0.20 12.00
1.15 35.00
0.73 22.00
1.36 13.00
1.00 27.00
0.87 29.00
0.73 25.00
1.00 20.00
0.87 27.00
0.20 12.00
1.00 23.00
1.00 34.00
0.73 23.00
0.87 28.00
0.73 24.00
0.20 12.00
1.00 35.00
0.87 24.00
0.87 27.00
0.73 29.00
0.73 32.00
1.00 26.00
0.73 27.00
0.87 30.00
1.00 33.00
0.33 13.00
1.00 32.00
1.00 28.00
0.60 21.00
1.00 31.00
1.36 8.00
0.33 12.00
1.00 22.00
1.00 11.00
1.00 22.00
0.87 13.00
1.00 17.00
1.00 37.00
0.87 32.00
0.73 26.00
0.73 24.00
0.60 23.00
0.60 23.00
0.47 19.00
0.73 26.00
0.60 27.00
0.87 21.00
0.73 25.00
0.47 22.00
1.00 28.00
1.00 12.00
0.60 22.00
0.73 20.00
0.87 37.00
0.73 19.00
0.60 26.00
1.00 23.00
0.60 20.00
0.73 25.00
0.73 22.00
0.73 21.00
0.20 12.00
1.15 19.00
1.00 37.00
0.87 33.00
1.00 32.00
0.87 15.00
0.20 12.00
0.73 26.00
0.60 12.00
0.60 18.00
0.73 28.00
0.73 30.00
0.87 12.00
0.87 25.00
1.00 26.00
0.87 26.00
0.33 15.00
0.47 8.00
0.60 11.00
0.60 19.00
0.87 26.00
0.60 9.00
0.20 12.00
1.00 32.00
1.00 34.00
0.60 20.00
0.73 14.00
1.00 22.00
0.60 19.00
1.00 18.00
1.00 31.00
0.73 25.00
0.33 15.00
1.00 29.00
0.73 29.00
1.00 25.00
0.33 11.00
0.73 27.00
0.20 9.00
0.73 24.00
0.87 15.00
0.87 18.00
1.00 27.00
0.73 13.00
1.15 19.00
0.60 19.00
0.20 11.00
0.87 19.00
0.60 24.00
0.20 12.00
1.00 33.00
1.00 34.00
0.20 12.00
1.00 37.00
0.73 25.00
0.73 9.00
1.00 31.00
0.73 31.00
0.73 24.00
1.00 40.00
0.73 24.00
1.00 31.00
0.87 27.00
0.87 33.00
0.73 27.00
1.00 37.00
1.15 36.00
1.15 28.00
0.47 15.00
0.47 17.00
0.33 15.00
0.60 26.00
0.33 16.00
1.00 39.00
0.47 16.00
1.00 33.00
0.73 25.00
1.00 15.00
0.87 24.00
1.00 31.00
0.33 12.00
0.73 21.00
0.60 13.00
0.73 25.00
0.20 12.00
0.60 25.00
1.15 26.00
1.00 33.00
1.36 23.00
1.15 25.00
0.20 11.00
1.15 35.00
1.15 27.00
0.87 23.00
0.73 22.00
0.87 14.00
1.00 25.00
1.00 18.00
1.00 25.00
0.87 20.00
1.00 32.00
0.87 32.00
1.00 43.00
0.60 20.00
0.60 16.00
0.20 12.00
0.87 22.00
0.47 17.00
0.47 18.00
0.47 13.00
0.60 19.00
0.87 18.00
0.73 11.00
0.60 19.00
0.60 18.00
0.20 12.00
0.87 22.00
1.00 23.00
0.87 32.00
0.60 24.00
0.33 14.00
1.00 31.00
0.47 18.00
0.73 29.00
0.60 22.00
0.73 27.00
0.60 22.00
1.00 35.00
1.15 35.00
0.47 18.00
0.73 12.00
0.33 13.00
1.00 24.00
0.87 27.00
0.60 20.00
1.00 28.00
0.20 12.00
0.87 24.00
0.60 18.00
0.60 12.00
0.87 21.00
0.73 17.00
0.73 22.00
0.87 25.00
0.73 18.00
0.73 23.00
0.47 15.00
1.00 20.00
0.60 16.00
1.00 28.00
0.73 20.00
0.87 20.00
0.60 19.00
1.15 31.00
0.60 19.00
0.87 29.00
0.60 14.00
0.80 27.00
1.00 37.00
1.00 37.00
1.36 20.00
0.73 28.00
0.33 13.00
0.87 40.00
1.00 19.00
0.20 10.00
1.00 28.00
1.00 32.00
1.00 24.00
0.87 15.00
0.20 7.00
1.00 24.00
1.00 25.00
0.73 32.00
0.73 30.00
0.60 19.00
0.60 18.00
0.60 21.00
0.73 27.00
0.33 17.00
0.73 19.00
0.60 26.00
0.20 12.00
0.20 11.00
0.73 28.00
0.60 16.00
0.73 21.00
0.20 9.00
0.60 11.00
0.60 20.00
0.60 16.00
0.60 16.00
1.00 25.00
0.20 7.00
0.87 11.00
0.60 15.00
0.87 27.00
0.60 19.00
1.00 33.00
0.33 13.00
0.73 31.00
1.00 41.00
0.87 21.00
1.00 18.00
0.47 13.00
0.47 15.00
0.47 16.00
0.73 16.00
1.00 12.00
0.47 18.00
0.47 20.00
0.47 9.00
0.87 22.00
0.73 15.00
0.73 26.00
0.87 30.00
0.60 19.00
0.87 23.00
0.20 7.00
0.60 23.00
0.47 21.00
0.87 28.00
0.73 26.00
1.36 7.00
0.60 23.00
0.60 25.00
0.87 29.00
1.36 10.00
0.33 14.00
0.87 33.00
0.73 29.00
0.87 31.00
1.00 31.00
0.87 17.00
0.47 20.00
0.47 17.00
0.73 24.00
0.20 11.00
0.73 16.00
0.60 13.00
0.60 11.00
0.60 19.00
0.87 18.00
0.47 13.00
0.73 25.00
1.00 18.00
0.20 11.00
0.60 17.00
0.47 9.00
0.47 12.00
0.20 6.00
0.07 6.00
0.47 13.00
0.87 32.00
0.87 34.00
0.87 32.00
1.15 17.00
1.15 19.00
0.87 28.00
0.47 21.00
0.60 25.00
0.73 21.00
0.60 17.00
0.47 21.00
0.47 15.00
0.47 18.00
0.60 17.00
0.60 19.00
0.60 23.00
0.60 23.00
0.73 17.00
0.73 17.00
0.73 19.00
0.60 19.00
0.60 21.00
0.47 9.00
0.47 8.00
0.87 24.00
0.60 21.00
0.47 16.00
0.73 16.00
1.00 21.00
1.15 35.00
0.87 31.00
0.87 31.00
0.87 21.00
0.73 27.00
0.73 25.00
0.73 19.00
0.73 24.00
0.87 21.00
0.73 24.00
0.73 25.00
0.60 18.00
0.60 24.00
0.73 21.00
0.60 23.00
0.87 32.00
0.73 26.00
1.15 34.00
0.73 19.00
0.87 12.00
0.47 18.00
0.33 14.00
0.47 13.00
0.60 9.00
0.87 24.00
0.73 28.00
0.47 20.00
0.20 11.00
1.67 6.00
0.60 20.00
0.87 32.00
0.87 29.00
0.73 24.00
0.73 24.00
0.87 30.00
1.00 41.00
0.87 30.00
1.00 18.00
1.00 37.00
1.00 40.00
0.87 31.00
0.87 32.00
0.87 22.00
0.73 17.00
0.73 26.00
0.60 19.00
0.87 21.00
0.47 11.00
0.60 22.00
0.73 27.00
0.87 29.00
0.60 14.00
0.73 28.00
0.73 12.00
0.87 12.00
0.87 13.00
0.20 9.00
1.00 16.00
0.60 11.00
0.73 14.00
0.33 13.00
1.00 33.00
0.20 12.00
0.60 10.00
0.73 11.00
0.20 9.00
0.20 10.00
1.00 19.00
0.73 11.00
0.60 12.00
1.00 29.00
0.87 22.00
2.14 0.00
0.73 10.00
0.60 9.00
1.00 28.00
0.73 13.00
0.87 20.00
0.60 17.00
1.00 32.00
0.87 34.00
0.87 17.00
0.60 15.00
0.20 10.00
0.60 21.00
0.87 19.00
1.00 33.00
1.00 33.00
1.00 27.00
0.20 12.00
0.73 15.00
0.73 17.00
0.87 32.00
1.00 29.00
1.15 20.00
0.73 12.00
0.47 13.00
0.60 16.00
0.73 24.00
0.60 20.00
0.73 23.00
0.73 27.00
0.60 12.00
0.87 21.00
0.20 12.00
0.73 24.00
1.36 10.00
0.87 16.00
0.87 19.00
1.00 33.00
0.33 12.00
1.15 22.00
0.60 20.00
0.47 17.00
0.73 18.00
0.20 6.00
0.47 10.00
0.73 22.00
0.20 10.00
0.73 20.00
1.00 20.00
0.87 18.00
0.60 24.00
0.47 22.00
0.73 15.00
0.87 19.00
1.00 35.00
0.73 22.00
0.60 25.00
0.87 32.00
0.60 11.00
0.73 25.00
0.73 18.00
0.60 13.00
0.60 14.00
0.73 18.00
0.87 26.00
1.00 30.00
0.33 12.00
0.73 24.00
0.87 32.00
5.00 0.00
0.20 10.00
1.36 8.00
0.73 17.00
1.00 32.00
0.33 14.00
0.73 22.00
0.73 25.00
0.20 11.00
0.20 12.00
0.73 21.00
1.00 37.00
0.87 16.00
0.20 12.00
0.47 19.00
1.00 18.00
1.00 23.00
0.87 25.00
0.20 11.00
0.73 28.00
0.73 16.00
0.73 29.00
0.47 18.00
0.33 16.00
0.33 12.00
1.15 38.00
1.00 23.00
0.33 12.00
0.73 14.00
0.87 27.00
0.07 6.00
1.00 16.00
0.07 6.00
0.07 6.00
1.00 24.00
0.60 17.00
0.73 23.00
0.87 23.00
0.47 20.00
0.73 20.00
0.20 10.00
0.60 23.00
0.60 20.00
0.73 17.00
0.73 19.00
0.87 23.00
0.20 10.00
0.87 12.00
0.60 19.00
1.15 19.00
0.87 19.00
0.20 10.00
0.73 19.00
0.60 20.00
0.73 26.00
0.20 11.00
0.73 19.00
0.60 20.00
0.87 25.00
0.87 20.00
0.20 9.00
0.20 9.00
0.73 22.00
0.60 22.00
0.60 11.00
0.20 7.00
0.20 7.00
0.73 23.00
0.20 12.00
0.47 19.00
0.20 10.00
0.47 16.00
0.60 24.00
0.73 30.00
0.87 19.00
0.60 17.00
0.60 18.00
0.87 24.00
0.47 18.00
0.20 8.00
1.00 37.00
1.00 41.00
0.20 12.00
0.33 15.00
1.00 31.00
0.33 12.00
0.47 17.00
0.73 26.00
1.00 36.00
1.00 30.00
0.60 19.00
0.47 23.00
0.87 26.00
1.00 28.00
0.33 10.00
0.73 28.00
0.73 24.00
0.60 18.00
0.73 25.00
0.73 15.00
0.87 26.00
0.87 27.00
0.73 12.00
0.60 23.00
0.87 31.00
0.33 14.00
0.87 32.00
1.00 33.00
1.00 35.00
0.87 21.00
0.20 8.00
0.47 18.00
0.87 26.00
0.87 19.00
0.73 23.00
0.60 21.00
0.87 13.00
0.73 26.00
0.20 10.00
0.73 15.00
0.87 20.00
0.60 16.00
0.73 16.00
1.00 29.00
0.47 14.00
0.60 19.00
0.47 15.00
0.47 15.00
0.33 10.00
0.87 25.00
0.20 12.00
0.60 25.00
0.87 24.00
0.60 24.00
0.20 6.00
0.73 13.00
0.73 25.00
0.47 18.00
0.87 29.00
0.47 11.00
0.73 27.00
1.00 25.00
1.00 25.00
1.00 22.00
0.73 18.00
1.00 22.00
0.33 15.00
0.20 7.00
0.73 24.00
0.87 32.00
0.60 15.00
0.60 17.00
0.73 19.00
1.00 33.00
1.00 24.00
1.00 19.00
0.87 27.00
0.60 19.00
0.47 12.00
0.60 19.00
1.15 27.00
0.87 27.00
0.87 27.00
0.60 24.00
0.73 26.00
0.87 26.00
0.73 24.00
0.73 25.00
1.15 35.00
1.00 30.00
1.00 35.00
0.73 14.00
0.73 18.00
0.73 24.00
0.60 12.00
1.00 21.00
0.60 12.00
0.33 11.00
0.60 13.00
0.60 11.00
1.00 25.00
1.00 43.00
0.73 29.00
0.73 27.00
1.00 28.00
0.60 15.00
0.87 20.00
0.73 13.00
1.15 29.00
0.87 23.00
0.87 24.00
0.60 11.00
0.60 18.00
0.60 21.00
0.47 18.00
0.87 19.00
0.73 10.00
0.73 13.00
0.60 14.00
0.73 13.00
0.73 19.00
1.15 19.00
1.00 35.00
0.73 20.00
0.87 12.00
0.20 12.00
0.73 21.00
0.73 31.00
0.73 25.00
0.73 21.00
0.87 23.00
0.47 21.00
0.73 18.00
0.60 23.00
0.47 19.00
0.73 19.00
0.73 23.00
0.73 13.00
0.73 18.00
0.73 19.00
0.47 16.00
0.60 21.00
0.60 10.00
0.60 13.00
1.00 17.00
0.60 13.00
0.73 20.00
0.47 10.00
0.87 31.00
1.00 35.00
1.00 21.00
0.73 29.00
0.73 14.00
0.33 16.00
1.00 29.00
0.20 8.00
0.47 10.00
0.87 18.00
0.20 8.00
0.47 12.00
0.20 12.00
0.60 19.00
0.73 27.00
0.73 18.00
0.60 11.00
0.87 20.00
0.87 23.00
0.60 25.00
0.60 18.00
0.60 21.00
0.20 11.00
0.73 16.00
0.73 18.00
1.00 21.00
0.47 18.00
0.20 11.00
0.87 32.00
0.47 13.00
1.00 24.00
0.73 25.00
1.00 31.00
0.87 28.00
0.73 21.00
0.73 16.00
1.00 26.00
1.00 31.00
0.60 20.00
0.20 9.00
0.87 30.00
0.87 34.00
0.87 29.00
0.33 12.00
0.87 33.00
0.87 35.00
0.87 32.00
1.00 25.00
0.60 19.00
0.60 20.00
1.00 17.00
0.87 23.00
0.73 22.00
0.73 29.00
0.87 25.00
0.73 25.00
0.87 30.00
1.00 31.00
0.60 21.00
1.00 28.00
1.15 33.00
1.00 23.00
0.33 12.00
1.15 18.00
0.73 21.00
0.87 27.00
0.20 7.00
0.60 17.00
0.60 21.00
0.60 20.00
0.60 18.00
0.47 17.00
0.60 13.00
0.73 23.00
0.60 11.00
0.60 19.00
0.87 32.00
0.87 22.00
0.87 17.00
1.00 13.00
0.73 14.00
1.00 24.00
0.87 10.00
0.73 20.00
0.20 10.00
0.60 21.00
0.20 8.00
1.00 13.00
0.20 11.00
1.00 37.00
0.87 20.00
0.60 15.00
0.60 10.00
0.73 24.00
0.73 15.00
0.60 18.00
1.15 17.00
1.15 16.00
0.20 10.00
1.00 21.00
0.60 13.00
0.60 22.00
1.00 26.00
0.87 17.00
1.00 25.00
0.73 14.00
0.87 12.00
1.15 29.00
0.87 37.00
0.87 26.00
1.15 27.00
0.33 17.00
1.00 28.00
1.00 32.00
1.00 32.00
0.33 17.00
0.73 24.00
0.87 23.00
1.00 35.00
0.33 12.00
1.36 6.00
1.15 28.00
1.15 28.00
0.20 10.00
0.73 25.00
0.20 12.00
0.87 13.00
0.60 24.00
1.00 33.00
0.87 25.00
0.73 26.00
0.33 16.00
0.60 24.00
0.33 14.00
0.73 27.00
0.87 27.00
0.60 21.00
0.20 12.00
0.60 20.00
0.60 19.00
0.60 11.00
0.60 18.00
0.60 23.00
0.60 17.00
0.87 21.00
0.73 21.00
0.60 21.00
0.87 23.00
0.73 16.00
0.60 17.00
0.60 18.00
0.60 16.00
0.20 6.00
1.00 27.00
0.73 25.00
0.87 26.00
0.87 23.00
0.47 19.00
1.00 22.00
0.73 24.00
0.73 32.00
0.60 23.00
0.60 15.00
0.73 15.00
1.00 16.00
0.87 21.00
1.00 17.00
0.20 7.00
0.60 11.00
0.73 21.00
0.87 12.00
0.60 20.00
0.87 15.00
0.87 16.00
0.60 17.00
0.73 21.00
0.60 25.00
0.73 23.00
0.73 17.00
0.60 18.00
0.73 20.00
0.47 15.00
0.73 29.00
0.87 26.00
1.00 19.00
0.33 13.00
1.00 27.00
0.87 31.00
0.87 13.00
0.60 9.00
1.00 25.00
1.00 21.00
1.00 28.00
1.00 23.00
0.73 21.00
0.87 16.00
0.60 13.00
0.47 13.00
0.73 29.00
0.73 31.00
1.00 30.00
1.00 34.00
1.00 20.00
0.87 25.00
0.60 17.00
0.73 15.00
0.87 8.00
1.00 24.00
0.60 14.00
0.60 19.00
0.73 21.00
0.20 6.00
1.00 25.00
0.87 13.00
0.87 23.00
0.87 23.00
0.20 12.00
1.00 23.00
1.00 29.00
0.73 13.00
1.00 28.00
0.87 14.00
0.87 29.00
0.87 27.00
0.87 25.00
0.73 27.00
0.33 17.00
0.60 21.00
0.87 29.00
0.87 24.00
0.73 16.00
0.87 30.00
1.00 27.00
1.00 23.00
0.73 26.00
0.60 22.00
0.60 17.00
1.00 24.00
0.73 21.00
0.20 10.00
0.87 10.00
0.73 27.00
1.00 31.00
0.87 32.00
1.00 33.00
1.36 11.00
0.60 14.00
0.87 14.00
0.73 23.00
0.73 11.00
0.60 11.00
0.73 20.00
0.20 12.00
0.73 24.00
0.73 10.00
1.00 26.00
0.73 26.00
1.00 42.00
1.00 25.00
1.00 35.00
1.36 16.00
0.73 24.00
0.73 20.00
0.47 13.00
0.47 20.00
0.47 17.00
0.60 14.00
0.73 10.00
1.00 23.00
0.60 18.00
0.07 6.00
0.20 10.00
0.87 17.00
0.73 15.00
0.87 18.00
0.60 22.00
0.73 20.00
0.73 25.00
0.87 25.00
0.73 23.00
0.73 16.00
0.47 17.00
0.87 23.00
1.00 14.00
0.60 20.00
0.87 23.00
0.60 19.00
0.07 6.00
1.00 23.00
0.87 21.00
0.87 20.00
0.87 13.00
1.00 27.00
0.60 22.00
0.73 21.00
0.87 32.00
0.60 10.00
0.47 18.00
1.00 33.00
0.87 20.00
0.87 20.00
0.20 9.00
1.00 25.00
0.73 14.00
0.60 22.00
0.47 9.00
0.87 16.00
0.60 9.00
0.47 20.00
1.00 25.00
1.00 29.00
1.00 33.00
0.87 18.00
0.73 21.00
1.00 27.00
1.00 27.00
0.33 16.00
1.00 18.00
0.87 28.00
1.00 26.00
1.36 3.00
1.00 14.00
1.15 14.00
0.87 36.00
0.73 23.00
1.00 26.00
1.00 22.00
1.00 39.00
0.60 11.00
0.20 12.00
0.60 20.00
0.60 16.00
0.87 27.00
0.73 22.00
0.60 17.00
0.73 24.00
0.73 29.00
0.73 24.00
0.87 26.00
0.60 19.00
0.87 18.00
0.87 20.00
0.20 9.00
1.00 29.00
1.00 31.00
0.73 28.00
2.14 0.00
0.73 13.00
0.60 18.00
0.60 5.00
0.73 8.00
1.00 35.00
0.47 9.00
0.47 19.00
0.73 22.00
1.00 26.00
0.73 28.00
0.73 26.00
0.60 24.00
1.00 27.00
0.20 9.00
0.87 25.00
0.73 13.00
0.73 24.00
0.87 23.00
0.73 16.00
0.73 18.00
0.20 12.00
0.73 26.00
0.73 20.00
0.87 23.00
0.87 21.00
1.15 13.00
1.00 16.00
1.36 7.00
0.73 20.00
0.73 21.00
0.87 22.00
0.87 30.00
0.73 19.00
0.60 22.00
1.00 13.00
0.20 10.00
1.00 23.00
0.87 25.00
0.87 22.00
1.00 28.00
1.67 7.00
1.00 30.00
0.87 26.00
0.87 23.00
1.00 15.00
0.87 20.00
0.20 10.00
0.20 12.00
0.73 20.00
0.60 15.00
0.60 15.00
0.60 19.00
1.00 22.00
0.73 17.00
0.20 10.00
1.00 26.00
1.36 8.00
1.00 19.00
0.73 12.00
1.15 25.00
0.20 12.00
0.87 16.00
0.60 17.00
0.60 17.00
0.47 21.00
0.87 18.00
0.73 26.00
0.87 32.00
1.00 23.00
0.60 16.00
0.60 8.00
0.73 15.00
0.20 9.00
0.20 12.00
1.15 16.00
0.60 27.00
0.60 22.00
0.33 14.00
0.60 14.00
1.00 19.00
1.15 23.00
0.20 12.00
0.73 23.00
0.73 21.00
0.33 11.00
1.00 27.00
0.33 13.00
1.00 35.00
1.00 27.00
0.33 15.00
0.73 18.00
0.73 23.00
0.73 22.00
0.47 15.00
0.73 18.00
0.60 16.00
0.73 19.00
0.60 17.00
0.73 12.00
0.87 27.00
0.87 22.00
0.60 20.00
0.73 28.00
0.73 20.00
0.87 27.00
1.15 17.00
0.73 12.00
0.20 7.00
0.87 21.00
1.00 17.00
0.60 24.00
0.87 22.00
1.00 13.00
0.20 11.00
0.87 27.00
0.87 26.00
0.87 25.00
1.00 27.00
0.73 23.00
0.47 18.00
0.73 24.00
1.00 25.00
0.20 7.00
0.87 23.00
0.73 21.00
0.33 13.00
0.87 24.00
0.73 23.00
0.73 15.00
0.60 9.00
0.73 21.00
0.20 6.00
0.60 20.00
0.60 14.00
0.60 16.00
0.60 21.00
0.20 10.00
0.73 23.00
0.73 12.00
0.33 6.00
0.60 9.00
0.73 10.00
1.00 32.00
0.73 18.00
0.73 9.00
1.00 22.00
1.36 23.00
1.00 31.00
1.00 24.00
0.73 24.00
0.47 17.00
0.73 24.00
1.36 8.00
1.15 11.00
1.15 34.00
0.47 16.00
1.00 28.00
0.73 27.00
0.73 26.00
0.60 22.00
0.47 21.00
0.87 28.00
0.73 12.00
0.73 18.00
0.87 27.00
1.15 23.00
0.73 22.00
1.00 21.00
1.00 29.00
0.87 20.00
0.73 12.00
0.87 26.00
0.73 25.00
0.73 20.00
1.00 32.00
1.36 11.00
1.15 30.00
1.15 14.00
1.00 22.00
0.73 10.00
1.36 16.00
0.87 26.00
0.87 21.00
0.73 23.00
0.60 21.00
0.60 21.00
0.60 9.00
0.73 14.00
1.15 15.00
0.20 12.00
1.15 15.00
0.73 17.00
0.60 20.00
0.33 14.00
0.73 18.00
0.60 16.00
1.00 26.00
1.67 5.00
1.00 25.00
1.00 27.00
0.73 27.00
0.33 13.00
1.00 17.00
1.15 28.00
1.00 43.00
1.00 24.00
0.73 23.00
1.00 38.00
0.87 31.00
0.73 17.00
0.73 23.00
0.87 19.00
0.73 16.00
0.73 18.00
0.47 17.00
0.60 20.00
1.15 29.00
0.60 25.00
0.47 18.00
0.73 25.00
1.36 11.00
0.73 19.00
1.00 17.00
0.87 29.00
0.73 14.00
0.87 16.00
0.73 31.00
1.00 40.00
0.73 30.00
0.73 20.00
0.60 12.00
0.87 25.00
0.60 20.00
0.73 24.00
0.87 27.00
0.73 16.00
0.87 18.00
1.00 31.00
0.87 22.00
0.87 27.00
0.73 22.00
0.73 18.00
0.73 19.00
1.36 15.00
0.33 12.00
1.15 19.00
0.87 13.00
0.60 24.00
1.00 31.00
1.15 25.00
1.00 29.00
0.87 29.00
1.00 21.00
0.73 14.00
0.33 18.00
0.73 13.00
0.33 15.00
0.60 11.00
0.87 34.00
0.87 26.00
0.60 23.00
0.60 12.00
1.00 27.00
0.20 10.00
0.87 28.00
1.00 20.00
0.73 29.00
0.87 29.00
0.87 27.00
0.87 29.00
0.87 16.00
1.00 34.00
0.87 17.00
1.00 25.00
0.20 6.00
1.00 14.00
1.00 14.00
0.47 14.00
0.60 19.00
0.87 19.00
1.00 27.00
1.15 20.00
0.20 12.00
0.87 28.00
0.73 21.00
0.73 18.00
0.60 15.00
0.60 20.00
0.73 13.00
0.87 27.00
1.00 31.00
1.00 16.00
1.00 34.00
0.60 16.00
1.15 16.00
0.20 11.00
0.33 12.00
0.60 10.00
0.60 21.00
0.73 23.00
0.73 26.00
1.00 25.00
0.73 20.00
1.00 21.00
1.00 17.00
0.87 13.00
1.00 18.00
0.73 27.00
0.73 20.00
0.87 20.00
1.00 25.00
1.00 17.00
0.33 13.00
1.00 27.00
0.87 23.00
0.73 23.00
0.73 18.00
0.87 19.00
0.60 22.00
0.47 21.00
0.60 22.00
0.87 21.00
0.60 24.00
0.87 25.00
0.60 23.00
0.60 26.00
0.73 30.00
1.00 32.00
0.73 19.00
0.87 24.00
1.00 26.00
0.60 13.00
0.60 18.00
1.00 27.00
0.73 23.00
1.00 25.00
0.87 26.00
0.87 19.00
0.87 23.00
0.87 25.00
0.73 12.00
0.87 25.00
0.60 19.00
0.47 21.00
0.47 20.00
0.60 12.00
0.73 12.00
0.87 16.00
0.87 24.00
0.87 11.00
0.87 17.00
0.60 15.00
0.73 15.00
1.00 16.00
0.87 18.00
0.87 24.00
0.60 19.00
0.60 17.00
0.20 8.00
0.73 25.00
0.73 27.00
1.00 30.00
0.60 18.00
0.60 20.00
0.60 22.00
0.73 21.00
0.73 21.00
0.73 24.00
1.00 16.00
0.60 10.00
0.87 23.00
0.73 14.00
0.87 17.00
0.73 26.00
0.87 25.00
0.47 15.00
1.00 14.00
0.73 19.00
1.00 29.00
1.00 28.00
0.60 22.00
1.00 26.00
0.73 27.00
1.00 27.00
1.00 35.00
0.87 28.00
0.47 16.00
1.00 28.00
1.00 22.00
1.36 9.00
0.73 27.00
1.00 15.00
0.73 28.00
0.33 11.00
0.73 13.00
0.87 26.00
0.87 25.00
0.20 11.00
1.36 9.00
0.73 18.00
0.60 17.00
1.00 27.00
0.87 14.00
0.60 15.00
1.15 20.00
0.60 14.00
1.15 19.00
0.73 24.00
0.87 19.00
0.73 19.00
0.73 8.00
0.87 22.00
0.20 10.00
0.87 23.00
0.73 24.00
0.73 19.00
0.60 17.00
0.60 21.00
0.87 22.00
1.00 25.00
0.87 21.00
0.60 16.00
0.73 11.00
1.67 4.00
0.60 22.00
0.33 12.00
1.00 31.00
0.87 32.00
1.00 29.00
1.00 23.00
0.20 8.00
1.00 25.00
1.00 18.00
1.00 28.00
0.87 27.00
0.87 26.00
0.60 23.00
0.87 25.00
0.20 12.00
1.00 32.00
0.87 27.00
1.00 28.00
0.87 20.00
0.47 12.00
0.73 15.00
1.15 37.00
1.00 24.00
0.87 25.00
0.87 30.00
1.00 30.00
1.00 33.00
1.00 24.00
0.87 23.00
0.73 18.00
0.73 21.00
0.60 15.00
0.87 19.00
0.73 14.00
0.60 24.00
1.00 30.00
1.00 21.00
0.73 20.00
0.87 32.00
0.73 27.00
0.87 18.00
0.33 16.00
0.87 21.00
1.00 29.00
0.87 20.00
0.73 21.00
1.67 5.00
0.47 10.00
0.73 9.00
0.87 25.00
0.20 12.00
0.47 19.00
0.47 20.00
0.87 21.00
0.87 15.00
0.20 12.00
0.73 15.00
0.87 11.00
0.87 23.00
0.73 23.00
0.73 26.00
0.87 26.00
0.47 18.00
0.73 24.00
0.60 21.00
1.00 31.00
1.00 30.00
0.73 26.00
0.60 17.00
0.87 8.00
0.87 22.00
0.87 17.00
0.87 15.00
0.20 10.00
0.87 21.00
0.60 16.00
0.73 21.00
0.20 10.00
0.73 18.00
1.15 21.00
0.87 20.00
0.87 27.00
1.36 10.00
0.87 18.00
1.00 21.00
0.87 19.00
0.60 11.00
0.87 38.00
0.60 11.00
0.60 18.00
0.47 18.00
0.87 16.00
0.60 19.00
1.00 25.00
0.60 18.00
0.73 20.00
0.47 14.00
0.73 17.00
0.73 21.00
0.60 22.00
0.73 21.00
1.00 19.00
0.20 7.00
0.73 15.00
0.60 14.00
0.73 10.00
0.73 23.00
0.60 22.00
0.20 9.00
1.15 17.00
0.33 13.00
0.73 24.00
1.00 23.00
1.36 19.00
1.15 34.00
1.00 32.00
1.67 8.00
0.60 24.00
0.60 17.00
0.60 21.00
1.15 27.00
1.00 23.00
0.60 22.00
0.60 20.00
1.00 27.00
1.00 21.00
0.87 15.00
0.73 18.00
1.00 21.00
0.73 21.00
0.73 19.00
1.00 18.00
0.73 23.00
1.00 33.00
1.00 38.00
0.20 12.00
0.87 36.00
0.87 31.00
1.00 35.00
0.87 31.00
1.00 39.00
0.87 29.00
1.00 31.00
0.47 7.00
0.73 18.00
0.47 18.00
0.47 18.00
1.15 17.00
0.87 30.00
1.00 25.00
1.15 23.00
1.00 25.00
0.20 10.00
0.87 13.00
0.60 20.00
0.73 11.00
0.87 24.00
0.60 11.00
0.47 13.00
0.73 19.00
0.20 7.00
0.73 19.00
0.20 7.00
0.87 30.00
0.87 28.00
0.87 24.00
0.73 24.00
0.87 26.00
1.00 32.00
0.47 19.00
0.47 12.00
0.47 16.00
0.47 10.00
0.47 19.00
0.87 17.00
0.87 20.00
1.00 22.00
0.73 23.00
0.60 12.00
0.73 22.00
1.00 33.00
0.20 9.00
0.20 12.00
1.00 13.00
1.00 37.00
0.73 18.00
0.73 14.00
0.47 12.00
0.60 21.00
0.73 27.00
0.73 28.00
0.87 29.00
0.87 17.00
0.73 29.00
0.87 26.00
0.60 18.00
0.60 24.00
0.20 10.00
1.67 6.00
1.00 27.00
0.87 32.00
0.87 22.00
0.33 14.00
0.73 22.00
0.60 11.00
0.73 28.00
0.60 22.00
0.87 27.00
1.36 11.00
0.73 26.00
0.73 26.00
0.87 29.00
0.73 26.00
1.00 31.00
0.60 21.00
0.73 27.00
0.60 26.00
0.20 12.00
0.73 21.00
1.00 23.00
0.33 15.00
1.00 22.00
0.73 24.00
1.00 18.00
0.87 16.00
0.87 26.00
0.87 29.00
0.60 24.00
0.73 23.00
1.00 23.00
0.73 18.00
0.60 17.00
0.60 21.00
0.87 13.00
0.73 12.00
0.20 10.00
0.87 27.00
0.73 26.00
0.07 6.00
0.87 22.00
0.73 18.00
0.60 20.00
0.73 24.00
0.47 8.00
1.00 30.00
0.60 17.00
0.87 29.00
1.00 19.00
1.00 24.00
0.60 12.00
0.87 24.00
0.60 12.00
0.73 12.00
0.33 11.00
0.73 19.00
0.60 23.00
0.73 28.00
0.73 15.00
0.73 12.00
0.60 22.00
0.73 10.00
1.15 36.00
1.00 30.00
0.73 20.00
0.73 25.00
0.73 13.00
1.15 33.00
0.87 18.00
0.73 23.00
0.87 22.00
0.87 27.00
1.00 10.00
0.20 12.00
0.73 25.00
0.73 17.00
0.73 21.00
1.00 14.00
1.00 19.00
0.73 24.00
0.73 27.00
0.87 25.00
1.00 27.00
0.73 29.00
0.47 17.00
0.73 28.00
0.60 20.00
0.73 33.00
1.00 28.00
0.73 21.00
0.73 29.00
0.60 17.00
0.73 21.00
0.87 18.00
0.87 24.00
0.73 28.00
0.60 16.00
0.73 17.00
0.60 21.00
0.73 27.00
0.73 24.00
0.87 15.00
0.60 20.00
0.20 11.00
0.73 23.00
0.87 31.00
0.87 18.00
0.87 12.00
1.00 26.00
1.00 17.00
0.87 27.00
1.00 23.00
0.20 12.00
0.33 12.00
1.00 26.00
1.00 22.00
0.60 16.00
0.20 11.00
0.87 18.00
0.87 28.00
0.73 24.00
0.73 29.00
0.60 25.00
0.20 9.00
0.73 21.00
0.87 14.00
1.00 30.00
1.00 34.00
1.00 30.00
0.60 10.00
1.00 30.00
0.60 23.00
1.00 35.00
0.87 15.00
0.73 25.00
0.73 28.00
0.60 9.00
0.73 10.00
0.87 13.00
1.00 21.00
0.33 12.00
0.73 23.00
0.73 19.00
0.73 20.00
0.73 13.00
0.73 14.00
0.60 25.00
0.20 12.00
0.60 23.00
0.73 25.00
0.20 10.00
0.47 16.00
0.73 18.00
0.87 31.00
1.00 37.00
0.73 32.00
1.00 27.00
0.73 16.00
0.87 9.00
0.60 19.00
0.73 16.00
0.20 8.00
0.73 18.00
1.36 13.00
0.87 27.00
0.33 10.00
1.00 27.00
0.73 22.00
0.87 33.00
0.73 25.00
0.87 26.00
0.20 12.00
0.73 18.00
0.60 20.00
0.20 8.00
0.20 8.00
0.20 7.00
0.73 19.00
0.87 24.00
0.87 24.00
0.73 27.00
0.20 9.00
0.73 27.00
0.33 10.00
0.87 27.00
0.87 21.00
0.60 18.00
0.60 20.00
0.87 29.00
0.60 14.00
0.87 22.00
0.60 8.00
0.73 21.00
0.73 9.00
0.33 11.00
0.73 25.00
1.00 29.00
1.00 23.00
0.87 29.00
1.15 29.00
0.87 9.00
1.00 25.00
0.87 15.00
0.73 9.00
0.87 8.00
0.73 14.00
0.60 13.00
0.20 6.00
0.07 6.00
0.07 6.00
0.20 12.00
1.15 30.00
0.33 12.00
0.73 23.00
1.00 33.00
1.00 37.00
1.00 29.00
0.73 27.00
1.36 24.00
1.00 29.00
0.73 13.00
0.73 14.00
0.60 12.00
1.00 21.00
0.73 15.00
0.87 22.00
0.47 13.00
0.60 18.00
0.73 14.00
1.00 26.00
0.87 22.00
0.60 15.00
0.47 19.00
0.60 20.00
0.47 14.00
0.73 29.00
0.20 12.00
1.00 30.00
1.00 27.00
0.73 25.00
1.00 28.00
0.20 12.00
0.33 11.00
0.73 24.00
0.73 21.00
0.87 18.00
1.00 21.00
1.00 20.00
1.00 27.00
0.20 12.00
1.00 14.00
0.60 21.00
0.87 19.00
0.73 24.00
1.00 18.00
0.60 9.00
0.73 22.00
0.73 15.00
1.00 19.00
1.15 32.00
1.67 13.00
0.87 18.00
0.73 20.00
0.87 15.00
0.20 10.00
1.15 31.00
0.87 23.00
0.73 16.00
1.00 30.00
0.73 29.00
1.00 20.00
0.73 16.00
0.73 15.00
0.60 14.00
0.87 23.00
0.20 9.00
1.00 15.00
0.60 17.00
0.60 16.00
0.73 22.00
0.73 26.00
0.47 18.00
1.15 24.00
0.60 23.00
1.00 32.00
0.33 13.00
0.87 28.00
0.33 15.00
0.47 12.00
1.15 20.00
0.87 26.00
0.20 11.00
1.00 27.00
1.67 6.00
0.33 12.00
1.00 14.00
1.00 27.00
1.00 19.00
1.00 18.00
0.60 20.00
0.20 10.00
1.00 18.00
0.20 11.00
1.15 39.00
1.15 41.00
0.73 21.00
1.15 34.00
1.15 21.00
0.20 10.00
1.00 28.00
0.47 18.00
0.87 33.00
0.60 10.00
1.00 23.00
0.47 11.00
0.73 17.00
1.00 20.00
1.00 28.00
0.73 24.00
1.00 29.00
1.00 12.00
1.36 11.00
0.87 27.00
0.60 20.00
0.60 24.00
0.87 25.00
0.60 24.00
0.87 27.00
0.60 22.00
0.73 27.00
0.60 25.00
0.87 19.00
0.60 25.00
0.33 15.00
0.73 25.00
0.73 28.00
0.73 23.00
0.73 18.00
1.00 36.00
1.00 33.00
0.73 23.00
1.00 27.00
0.60 26.00
0.73 29.00
0.33 14.00
0.73 29.00
1.00 33.00
1.00 23.00
0.73 22.00
0.73 23.00
0.20 11.00
1.00 21.00
0.73 23.00
0.73 27.00
0.73 22.00
0.73 20.00
0.73 17.00
0.60 16.00
0.60 14.00
0.87 20.00
0.73 9.00
1.15 33.00
1.15 19.00
1.00 27.00
0.20 12.00
1.00 27.00
1.15 29.00
1.00 29.00
1.00 32.00
0.87 29.00
0.60 19.00
1.00 23.00
1.00 27.00
0.73 14.00
1.00 33.00
0.73 23.00
0.60 21.00
0.60 16.00
0.73 25.00
0.20 6.00
1.00 32.00
0.73 27.00
0.33 14.00
1.15 23.00
1.00 26.00
0.73 27.00
0.60 24.00
1.00 42.00
0.73 14.00
0.87 22.00
0.20 10.00
0.87 23.00
2.14 0.00
1.00 34.00
1.00 20.00
1.00 35.00
0.33 17.00
1.00 16.00
0.73 29.00
1.00 35.00
0.73 22.00
0.73 29.00
1.00 29.00
0.20 9.00
0.60 14.00
0.87 17.00
1.00 29.00
1.36 13.00
0.73 32.00
1.15 18.00
0.87 29.00
0.87 24.00
0.87 28.00
0.60 20.00
0.60 19.00
0.60 13.00
0.60 15.00
0.87 28.00
0.73 23.00
0.73 25.00
0.60 21.00
0.87 20.00
0.87 24.00
1.00 25.00
0.73 22.00
0.60 26.00
0.73 20.00
1.00 30.00
0.60 17.00
0.87 18.00
1.00 31.00
1.00 17.00
1.00 29.00
0.73 24.00
0.60 23.00
0.87 27.00
0.60 9.00
0.60 19.00
0.20 11.00
0.73 28.00
0.60 8.00
0.73 27.00
0.33 12.00
0.87 23.00
0.20 12.00
0.87 28.00
1.00 17.00
0.60 13.00
0.73 27.00
0.60 21.00
0.20 12.00
0.87 16.00
0.73 13.00
0.73 18.00
0.33 12.00
0.60 14.00
0.60 19.00
0.47 19.00
0.87 26.00
0.73 25.00
1.00 31.00
0.20 12.00
0.73 11.00
1.00 29.00
1.00 34.00
0.60 18.00
1.00 26.00
0.20 9.00
0.60 25.00
1.00 24.00
0.33 15.00
0.60 19.00
0.60 15.00
0.47 13.00
0.33 9.00
0.87 15.00
0.47 13.00
0.73 13.00
1.00 26.00
0.60 21.00
1.00 26.00
0.20 11.00
0.87 18.00
0.87 16.00
0.60 25.00
0.73 28.00
0.87 19.00
0.73 28.00
0.87 29.00
1.00 34.00
0.33 13.00
0.87 25.00
0.73 22.00
0.20 10.00
0.87 14.00
0.87 26.00
0.20 8.00
0.87 32.00
0.73 16.00
0.87 21.00
0.73 26.00
0.87 23.00
0.73 27.00
1.00 15.00
0.20 12.00
0.87 33.00
0.60 16.00
0.87 22.00
0.73 27.00
1.00 28.00
0.87 28.00
0.87 16.00
0.60 21.00
0.20 12.00
0.20 12.00
0.73 21.00
0.87 27.00
0.87 35.00
0.33 13.00
1.00 33.00
0.87 23.00
0.87 17.00
1.00 20.00
0.33 13.00
0.33 14.00
0.60 23.00
0.60 13.00
0.60 19.00
0.33 12.00
0.60 16.00
1.00 33.00
0.60 10.00
0.73 21.00
0.20 11.00
0.20 11.00
0.60 22.00
0.60 10.00
0.73 28.00
0.87 25.00
0.87 34.00
1.00 22.00
0.87 16.00
1.00 32.00
1.00 19.00
0.47 18.00
1.00 34.00
0.87 24.00
1.36 9.00
0.47 19.00
0.20 10.00
0.47 12.00
0.47 17.00
0.73 10.00
0.87 24.00
1.00 25.00
0.47 16.00
0.47 18.00
0.60 21.00
0.47 17.00
0.47 13.00
0.47 17.00
0.73 22.00
0.73 25.00
0.73 25.00
0.33 13.00
0.20 12.00
0.87 20.00
0.87 28.00
0.73 21.00
0.47 18.00
1.00 28.00
0.20 12.00
0.87 25.00
1.00 26.00
0.87 17.00
0.73 23.00
1.00 29.00
1.00 32.00
1.15 20.00
0.87 26.00
1.00 21.00
1.00 10.00
0.87 27.00
0.20 12.00
1.00 35.00
1.15 30.00
0.87 27.00
0.60 20.00
0.20 11.00
0.87 27.00
0.73 26.00
0.60 28.00
1.00 21.00
0.87 26.00
0.60 21.00
1.00 25.00
1.00 25.00
0.60 23.00
0.73 27.00
0.73 22.00
0.33 13.00
0.60 15.00
0.60 10.00
0.73 13.00
1.00 33.00
0.20 11.00
1.00 23.00
0.20 9.00
0.47 17.00
0.87 29.00
0.87 23.00
0.20 12.00
0.87 9.00
0.60 20.00
0.60 17.00
0.47 9.00
0.60 8.00
0.60 23.00
0.47 16.00
0.20 10.00
0.87 21.00
0.47 11.00
1.00 33.00
0.87 35.00
0.20 12.00
0.20 12.00
0.73 24.00
0.20 9.00
1.00 20.00
0.20 9.00
0.87 22.00
0.73 10.00
0.87 14.00
0.33 14.00
0.60 20.00
0.60 21.00
0.87 21.00
0.73 23.00
0.20 12.00
0.73 21.00
0.60 11.00
0.60 23.00
0.73 31.00
0.60 25.00
1.00 30.00
0.20 8.00
0.47 12.00
1.15 23.00
0.20 10.00
0.20 9.00
0.20 9.00
1.00 15.00
0.20 7.00
0.73 11.00
0.47 17.00
1.00 33.00
1.36 11.00
0.33 18.00
1.15 18.00
0.20 12.00
1.00 26.00
0.87 15.00
0.20 11.00
1.15 19.00
0.20 11.00
0.73 20.00
0.60 18.00
0.87 18.00
0.20 8.00
0.20 7.00
0.47 11.00
0.60 16.00
0.60 21.00
0.20 10.00
0.60 24.00
1.00 23.00
1.36 13.00
1.36 13.00
0.33 12.00
1.15 16.00
1.00 28.00
1.36 15.00
1.00 21.00
0.20 12.00
0.73 18.00
0.87 12.00
1.00 11.00
0.20 10.00
0.73 23.00
0.87 23.00
0.20 10.00
0.60 19.00
0.07 6.00
0.60 14.00
0.87 16.00
0.60 17.00
0.60 16.00
0.20 8.00
0.87 24.00
1.15 20.00
1.36 9.00
0.20 7.00
0.20 9.00
0.87 17.00
0.87 11.00
1.15 16.00
1.00 28.00
0.33 13.00
0.73 28.00
0.73 19.00
0.73 16.00
1.00 26.00
0.60 14.00
1.00 26.00
0.73 26.00
0.20 11.00
0.87 22.00
1.00 23.00
0.20 12.00
0.87 26.00
0.20 12.00
0.73 15.00
0.60 20.00
0.20 12.00
0.73 12.00
0.20 10.00
0.73 24.00
1.00 21.00
0.20 11.00
0.73 28.00
0.20 12.00
0.47 17.00
0.60 21.00
0.20 11.00
0.47 19.00
0.20 8.00
0.47 11.00
0.73 18.00
0.20 9.00
0.47 14.00
0.87 24.00
0.07 6.00
1.00 26.00
0.60 21.00
0.73 21.00
0.73 28.00
1.00 17.00
0.73 26.00
0.60 19.00
0.73 25.00
0.87 22.00
0.87 28.00
0.73 27.00
0.73 22.00
0.73 20.00
0.73 25.00
0.73 21.00
0.73 22.00
0.73 28.00
0.60 20.00
0.73 15.00
0.87 20.00
0.73 19.00
0.73 17.00
0.73 16.00
0.87 21.00
1.15 21.00
0.87 22.00
0.60 10.00
0.73 16.00
0.47 12.00
0.87 21.00
1.00 25.00
0.60 21.00
0.33 14.00
1.15 32.00
0.87 38.00
1.00 24.00
1.00 18.00
0.73 24.00
0.20 12.00
0.87 26.00
0.73 27.00
1.00 33.00
0.33 13.00
0.87 23.00
0.73 20.00
0.60 24.00
0.73 24.00
0.20 9.00
0.87 27.00
1.36 10.00
0.73 28.00
1.67 9.00
0.87 23.00
1.00 22.00
1.00 40.00
1.15 23.00
1.15 29.00
1.00 45.00
1.00 36.00
1.00 43.00
1.15 21.00
1.15 34.00
0.73 28.00
0.73 29.00
1.00 37.00
0.87 26.00
0.87 28.00
1.00 28.00
1.00 36.00
1.67 6.00
0.73 18.00
0.47 18.00
1.15 23.00
1.15 27.00
0.87 18.00
1.15 16.00
1.00 16.00
1.00 41.00
0.33 14.00
2.14 0.00
0.73 9.00
0.73 10.00
0.87 10.00
0.20 11.00
0.60 17.00
0.73 15.00
0.73 23.00
0.20 12.00
0.87 23.00
0.20 10.00
0.60 14.00
1.00 24.00
0.33 13.00
1.00 19.00
1.00 24.00
0.60 22.00
0.73 28.00
0.87 29.00
1.00 29.00
0.60 22.00
0.87 29.00
0.60 24.00
0.47 16.00
0.73 25.00
0.73 27.00
0.47 15.00
1.00 20.00
0.73 26.00
0.60 19.00
0.20 9.00
0.60 22.00
1.00 19.00
0.73 21.00
0.73 22.00
0.73 21.00
0.87 19.00
0.73 17.00
0.60 21.00
0.73 21.00
0.87 27.00
1.00 23.00
0.20 9.00
1.00 34.00
1.00 27.00
1.15 15.00
0.20 10.00
0.73 18.00
1.00 36.00
0.60 26.00
0.73 24.00
1.00 31.00
1.00 19.00
0.73 25.00
0.87 30.00
0.87 30.00
0.87 23.00
1.00 21.00
1.00 14.00
0.73 11.00
0.60 18.00
1.00 35.00
1.00 24.00
0.73 22.00
0.87 21.00
0.73 14.00
1.00 34.00
0.87 32.00
0.87 31.00
0.73 18.00
1.15 36.00
0.87 34.00
0.73 13.00
1.15 37.00
0.73 19.00
0.73 18.00
0.20 12.00
0.60 16.00
0.87 22.00
0.73 20.00
0.87 23.00
0.73 22.00
0.73 27.00
0.87 20.00
1.15 21.00
0.87 20.00
1.00 18.00
0.20 12.00
0.87 24.00
0.73 12.00
0.60 22.00
0.73 33.00
0.47 21.00
0.47 20.00
0.87 23.00
0.87 15.00
0.87 12.00
0.73 23.00
1.00 28.00
1.36 16.00
0.87 26.00
0.60 20.00
0.60 27.00
0.87 30.00
1.15 16.00
0.73 18.00
0.87 24.00
0.33 11.00
0.33 10.00
1.15 17.00
0.87 15.00
0.20 11.00
0.60 24.00
0.73 26.00
0.20 7.00
0.20 9.00
0.87 18.00
0.20 9.00
0.20 9.00
0.47 8.00
0.60 21.00
1.00 22.00
0.60 19.00
0.87 26.00
0.60 13.00
0.60 27.00
0.60 25.00
0.73 15.00
0.73 10.00
0.87 26.00
1.00 25.00
0.73 23.00
1.00 25.00
0.87 17.00
0.60 9.00
0.47 17.00
0.47 18.00
0.60 12.00
0.87 12.00
0.87 15.00
0.73 9.00
0.73 23.00
0.07 6.00
0.60 9.00
0.73 13.00
0.73 20.00
0.73 25.00
0.47 6.00
0.73 18.00
1.00 23.00
0.87 30.00
0.73 26.00
0.73 20.00
0.87 24.00
0.73 21.00
0.47 17.00
0.20 6.00
0.20 7.00
0.60 16.00
0.87 25.00
0.73 11.00
0.20 11.00
0.73 18.00
0.47 15.00
0.60 18.00
0.60 11.00
0.60 13.00
0.73 22.00
0.73 17.00
0.87 35.00
0.87 15.00
1.00 35.00
0.33 13.00
0.87 30.00
1.00 27.00
1.00 32.00
1.00 28.00
0.20 12.00
0.60 20.00
1.00 37.00
0.87 25.00
1.00 13.00
0.87 29.00
0.73 24.00
0.73 22.00
0.60 22.00
0.60 21.00
0.87 30.00
0.87 22.00
0.20 11.00
0.73 25.00
0.47 19.00
1.00 39.00
0.33 17.00
0.73 29.00
0.33 13.00
0.73 12.00
0.73 13.00
1.00 22.00
0.20 10.00
1.00 27.00
0.47 20.00
0.60 21.00
0.60 18.00
0.60 26.00
0.60 21.00
0.87 20.00
0.87 17.00
0.60 14.00
1.00 19.00
1.15 32.00
1.67 10.00
1.00 40.00
0.33 12.00
0.87 28.00
0.73 28.00
1.00 43.00
0.87 32.00
0.87 26.00
1.15 36.00
1.67 5.00
1.00 33.00
0.73 28.00
1.00 30.00
0.87 15.00
0.33 15.00
0.33 12.00
0.87 30.00
0.87 26.00
0.33 12.00
1.00 27.00
0.87 12.00
0.47 18.00
0.73 12.00
0.87 22.00
0.73 15.00
0.73 11.00
1.00 35.00
0.87 17.00
0.73 24.00
0.73 20.00
1.00 25.00
0.60 18.00
1.00 27.00
0.87 14.00
1.00 32.00
1.00 25.00
1.00 35.00
0.33 13.00
1.36 18.00
1.00 19.00
0.87 20.00
0.20 9.00
0.73 22.00
1.00 21.00
0.87 22.00
1.36 11.00
0.33 14.00
0.73 18.00
1.00 26.00
0.33 12.00
1.15 17.00
0.33 14.00
0.87 26.00
0.73 18.00
0.87 23.00
0.60 21.00
0.87 24.00
0.87 28.00
1.00 33.00
1.00 36.00
0.73 15.00
0.73 28.00
0.73 25.00
0.87 23.00
1.00 34.00
0.73 28.00
1.00 23.00
0.87 19.00
1.36 11.00
1.15 27.00
1.00 42.00
0.73 27.00
0.33 18.00
1.67 7.00
0.47 8.00
0.73 21.00
0.20 9.00
0.20 9.00
0.87 14.00
1.00 40.00
0.20 9.00
1.00 28.00
0.87 18.00
0.47 9.00
0.73 23.00
0.20 9.00
0.33 11.00
0.20 6.00
0.73 25.00
0.73 19.00
0.87 27.00
0.73 23.00
0.87 32.00
1.00 39.00
1.15 24.00
0.20 12.00
1.00 36.00
0.73 22.00
0.73 22.00
0.60 13.00
0.73 21.00
0.73 23.00
0.47 19.00
0.60 18.00
0.60 19.00
0.47 17.00
0.47 16.00
0.87 33.00
0.87 35.00
0.73 25.00
0.73 19.00
1.00 22.00
1.15 35.00
0.20 12.00
0.73 27.00
0.73 17.00
0.87 18.00
0.73 19.00
0.87 24.00
0.73 21.00
1.00 31.00
1.00 25.00
0.87 22.00
0.87 31.00
1.00 32.00
1.00 39.00
0.73 27.00
0.73 29.00
1.36 9.00
0.60 16.00
0.87 21.00
0.47 17.00
1.00 20.00
0.87 17.00
0.60 17.00
0.87 24.00
0.60 15.00
0.60 18.00
0.33 13.00
0.87 16.00
0.87 30.00
0.87 33.00
0.87 29.00
0.33 14.00
0.87 31.00
0.33 15.00
0.60 28.00
0.73 19.00
0.60 27.00
0.73 17.00
0.87 28.00
0.73 23.00
0.73 22.00
0.73 21.00
0.20 9.00
0.73 20.00
1.00 21.00
0.73 30.00
0.60 24.00
0.47 18.00
0.87 21.00
0.73 21.00
0.73 17.00
0.20 11.00
1.15 19.00
0.87 32.00
0.87 27.00
0.87 29.00
0.33 12.00
0.60 23.00
0.87 30.00
0.87 19.00
0.87 17.00
1.00 28.00
1.00 13.00
0.73 32.00
1.00 35.00
1.00 38.00
1.15 28.00
0.60 19.00
0.73 29.00
0.87 26.00
0.87 25.00
0.33 11.00
1.36 12.00
0.20 11.00
0.87 27.00
1.00 32.00
0.60 16.00
0.73 18.00
0.73 17.00
1.15 17.00
0.60 19.00
1.00 19.00
1.00 24.00
0.87 28.00
0.87 29.00
1.00 33.00
0.87 26.00
0.47 17.00
0.60 22.00
1.00 20.00
1.00 21.00
0.73 17.00
0.60 22.00
0.73 16.00
0.60 10.00
1.15 13.00
0.73 24.00
0.60 18.00
0.73 27.00
0.20 12.00
0.73 25.00
0.87 34.00
0.73 27.00
0.87 30.00
0.73 27.00
0.60 16.00
0.87 30.00
0.73 19.00
0.87 24.00
0.47 17.00
1.00 16.00
0.60 22.00
1.00 22.00
0.60 13.00
0.87 27.00
1.00 28.00
0.87 23.00
0.60 21.00
0.60 26.00
0.60 21.00
0.87 25.00
0.73 13.00
0.73 21.00
0.73 30.00
0.60 17.00
0.73 19.00
1.00 37.00
1.00 36.00
0.73 17.00
0.73 19.00
0.33 12.00
1.00 14.00
0.33 14.00
0.87 22.00
0.60 14.00
1.00 26.00
0.87 23.00
0.20 11.00
0.87 29.00
1.36 7.00
1.36 15.00
1.15 25.00
1.15 29.00
1.36 13.00
3.00 0.00
0.60 19.00
0.87 15.00
0.87 14.00
1.00 18.00
2.14 0.00
0.87 28.00
0.87 29.00
0.33 12.00
0.60 19.00
0.73 15.00
0.60 19.00
0.20 7.00
0.73 21.00
0.87 15.00
0.73 21.00
0.60 15.00
0.20 9.00
0.20 10.00
1.00 31.00
1.00 27.00
0.87 24.00
0.33 9.00
0.73 24.00
1.15 19.00
0.73 23.00
0.73 24.00
0.33 13.00
0.33 15.00
1.15 22.00
0.87 28.00
1.00 24.00
0.60 19.00
1.00 22.00
1.00 30.00
0.87 22.00
0.87 20.00
0.20 9.00
0.47 17.00
0.60 23.00
0.47 21.00
0.73 21.00
0.73 23.00
0.73 27.00
1.00 16.00
0.33 14.00
0.73 18.00
0.60 15.00
0.60 19.00
1.15 18.00
1.00 26.00
1.00 14.00
0.87 15.00
1.00 15.00
1.15 9.00
1.00 15.00
1.00 20.00
1.00 29.00
0.87 26.00
0.87 31.00
0.87 34.00
0.87 28.00
1.00 19.00
0.87 32.00
0.87 31.00
1.00 33.00
0.73 18.00
0.73 21.00
1.00 15.00
1.15 33.00
0.60 24.00
0.73 23.00
1.00 25.00
1.00 34.00
0.73 22.00
0.73 16.00
1.00 28.00
0.87 29.00
0.87 29.00
0.60 21.00
0.60 13.00
0.60 21.00
0.60 23.00
0.60 23.00
0.73 17.00
0.73 29.00
0.20 10.00
1.00 35.00
0.73 20.00
0.73 21.00
0.73 22.00
0.87 14.00
0.20 9.00
0.47 18.00
0.73 25.00
1.00 23.00
0.60 21.00
1.00 28.00
0.20 11.00
0.87 14.00
0.73 21.00
0.33 15.00
0.60 18.00
0.60 8.00
1.00 25.00
1.00 27.00
0.87 16.00
0.73 19.00
0.20 12.00
0.60 18.00
0.20 12.00
0.20 6.00
0.87 29.00
0.87 38.00
1.00 27.00
0.87 33.00
0.33 15.00
0.20 8.00
1.00 20.00
0.73 25.00
1.00 10.00
1.00 14.00
1.15 19.00
0.60 22.00
0.60 25.00
1.00 31.00
1.36 7.00
0.60 12.00
0.60 19.00
0.33 12.00
0.73 17.00
0.47 15.00
0.73 18.00
0.47 21.00
0.73 17.00
0.73 26.00
0.47 17.00
0.87 17.00
0.33 16.00
0.60 14.00
0.60 19.00
2.14 0.00
0.73 17.00
0.73 22.00
0.33 12.00
0.60 27.00
0.60 12.00
0.73 17.00
0.20 12.00
0.87 27.00
0.87 24.00
0.73 26.00
0.87 30.00
0.87 34.00
0.20 9.00
0.60 23.00
1.00 29.00
0.87 15.00
1.00 37.00
0.20 12.00
0.73 26.00
0.73 26.00
0.87 26.00
1.00 28.00
0.47 19.00
0.87 19.00
0.60 27.00
0.87 15.00
0.73 11.00
0.73 25.00
0.60 18.00
0.73 25.00
0.87 28.00
0.20 12.00
0.87 21.00
1.00 32.00
1.00 26.00
0.87 32.00
0.87 24.00
1.00 19.00
1.00 28.00
1.36 10.00
1.00 32.00
1.00 44.00
0.87 13.00
1.00 36.00
0.87 28.00
1.15 36.00
1.00 29.00
0.73 14.00
1.00 17.00
0.73 22.00
0.73 10.00
0.73 13.00
0.73 15.00
0.73 26.00
0.60 9.00
0.87 17.00
0.87 14.00
1.00 24.00
1.00 29.00
1.00 30.00
1.00 32.00
0.87 16.00
0.87 17.00
0.87 31.00
1.00 21.00
0.87 20.00
0.87 22.00
0.73 15.00
1.00 23.00
0.20 8.00
0.87 27.00
0.73 22.00
1.15 22.00
1.00 19.00
0.73 21.00
0.60 21.00
0.33 10.00
0.47 19.00
0.60 17.00
0.60 10.00
0.60 18.00
0.47 7.00
0.73 20.00
0.20 10.00
1.15 17.00
0.87 25.00
0.47 18.00
0.20 12.00
0.60 17.00
0.73 25.00
0.20 11.00
0.60 25.00
0.47 20.00
0.33 15.00
0.73 18.00
0.60 8.00
0.60 11.00
0.73 19.00
0.20 6.00
1.00 34.00
1.00 38.00
0.87 30.00
0.20 9.00
0.47 10.00
0.20 12.00
0.60 20.00
0.47 12.00
0.20 12.00
0.73 22.00
0.87 29.00
0.73 17.00
0.33 12.00
0.33 11.00
0.60 19.00
0.87 20.00
0.60 20.00
1.00 21.00
0.87 27.00
0.73 21.00
1.36 17.00
0.87 24.00
0.73 27.00
0.87 29.00
0.20 9.00
0.60 23.00
0.87 18.00
0.47 19.00
1.00 22.00
0.73 19.00
0.60 11.00
0.87 21.00
0.73 28.00
0.73 20.00
0.73 24.00
0.73 14.00
0.20 10.00
0.33 8.00
1.00 20.00
1.36 13.00
0.20 12.00
1.00 17.00
1.00 24.00
0.73 26.00
0.73 25.00
0.87 21.00
0.73 20.00
0.20 10.00
0.87 20.00
0.73 22.00
0.60 12.00
0.73 12.00
0.87 28.00
1.15 29.00
1.00 35.00
1.15 26.00
0.33 12.00
0.20 12.00
0.20 12.00
0.87 22.00
1.15 26.00
0.73 16.00
0.73 13.00
0.47 19.00
0.33 12.00
0.60 18.00
0.73 14.00
0.60 25.00
0.33 13.00
0.60 12.00
0.87 31.00
0.47 10.00
0.73 28.00
0.20 12.00
0.47 11.00
1.00 31.00
0.60 19.00
0.20 12.00
1.00 24.00
0.87 23.00
0.47 16.00
0.60 20.00
0.20 11.00
0.20 11.00
1.00 17.00
1.00 17.00
0.87 28.00
0.47 15.00
0.73 25.00
1.15 28.00
0.47 15.00
0.33 13.00
0.60 25.00
0.47 13.00
0.87 30.00
1.00 31.00
0.73 27.00
0.73 30.00
0.60 26.00
0.87 34.00
0.87 28.00
0.73 21.00
1.00 21.00
1.00 19.00
0.60 20.00
0.73 15.00
1.15 31.00
1.00 25.00
1.00 27.00
0.73 28.00
0.87 22.00
0.73 26.00
1.00 28.00
0.20 10.00
0.73 25.00
0.87 18.00
0.60 16.00
0.73 21.00
0.20 8.00
0.87 28.00
0.73 26.00
0.33 16.00
0.73 25.00
1.00 16.00
0.73 30.00
0.73 25.00
0.33 17.00
0.33 16.00
0.73 28.00
0.87 20.00
0.73 25.00
0.33 12.00
1.00 35.00
1.15 32.00
0.73 22.00
0.60 21.00
0.87 29.00
1.00 28.00
1.00 23.00
0.60 23.00
0.87 22.00
0.73 27.00
1.00 26.00
0.47 16.00
0.60 25.00
0.20 10.00
0.60 26.00
0.60 22.00
0.87 32.00
0.73 21.00
0.20 11.00
0.87 26.00
0.87 19.00
1.00 19.00
0.73 31.00
1.15 19.00
0.33 12.00
0.73 16.00
0.60 23.00
1.00 21.00
0.87 18.00
0.73 23.00
0.73 18.00
0.60 19.00
0.87 22.00
0.87 20.00
0.73 27.00
0.87 27.00
1.00 16.00
0.60 20.00
0.73 20.00
0.73 20.00
0.60 13.00
0.47 18.00
1.00 29.00
1.00 36.00
0.87 33.00
1.00 20.00
0.87 19.00
1.00 15.00
0.60 12.00
1.00 21.00
0.60 12.00
0.87 24.00
0.87 24.00
0.87 27.00
0.20 12.00
0.60 19.00
1.00 15.00
0.87 15.00
0.73 22.00
0.73 18.00
0.60 21.00
0.87 23.00
0.47 19.00
0.73 24.00
0.87 22.00
0.87 26.00
0.73 22.00
1.00 22.00
0.73 18.00
0.73 16.00
1.00 16.00
0.73 18.00
0.73 9.00
0.87 18.00
1.00 27.00
0.87 29.00
0.73 26.00
0.87 21.00
0.20 8.00
0.73 14.00
0.47 17.00
0.20 9.00
0.87 20.00
0.47 20.00
0.73 24.00
0.20 11.00
0.20 9.00
0.73 21.00
0.47 8.00
0.87 25.00
1.00 23.00
0.47 19.00
0.73 31.00
1.00 25.00
0.47 15.00
0.60 12.00
0.20 9.00
0.60 17.00
0.73 11.00
0.60 21.00
0.47 16.00
0.20 12.00
0.47 18.00
0.47 18.00
0.73 24.00
0.73 27.00
0.33 12.00
0.73 24.00
0.73 26.00
0.60 18.00
0.73 23.00
0.20 12.00
0.33 12.00
1.00 19.00
1.15 35.00
1.00 29.00
1.15 36.00
1.00 20.00
0.87 26.00
0.87 17.00
0.73 17.00
0.87 24.00
0.87 28.00
0.73 25.00
0.73 15.00
0.60 8.00
0.20 9.00
0.47 16.00
0.47 8.00
1.00 30.00
0.60 14.00
0.87 32.00
0.73 26.00
0.73 13.00
0.87 22.00
0.73 15.00
1.00 26.00
1.00 31.00
0.87 24.00
0.87 14.00
1.00 29.00
0.73 24.00
0.60 21.00
0.60 9.00
0.60 18.00
0.73 13.00
0.60 23.00
0.60 23.00
0.47 19.00
0.87 30.00
1.00 29.00
1.00 35.00
0.87 17.00
1.00 14.00
0.73 22.00
0.60 23.00
0.20 12.00
0.20 12.00
0.73 26.00
0.73 28.00
0.47 18.00
0.20 11.00
0.60 18.00
3.00 0.00
0.47 21.00
0.60 27.00
0.87 29.00
0.87 28.00
0.73 16.00
0.73 26.00
0.60 22.00
0.47 20.00
0.47 14.00
0.60 11.00
0.33 9.00
0.47 6.00
1.00 27.00
0.87 22.00
0.20 12.00
0.60 25.00
0.73 28.00
0.33 12.00
0.73 21.00
0.73 23.00
0.73 25.00
0.87 24.00
0.87 20.00
0.73 20.00
0.60 21.00
0.73 21.00
1.00 32.00
0.87 24.00
0.73 26.00
0.73 19.00
0.87 21.00
0.87 26.00
0.87 25.00
0.33 12.00
0.33 12.00
0.60 20.00
0.60 23.00
0.60 24.00
0.20 11.00
0.20 11.00
0.60 19.00
1.00 36.00
1.15 32.00
0.33 17.00
0.33 12.00
1.15 32.00
1.00 29.00
1.00 19.00
1.00 18.00
0.73 22.00
1.00 23.00
1.00 32.00
0.73 31.00
1.15 31.00
0.73 14.00
0.73 16.00
1.00 34.00
0.73 25.00
1.00 25.00
1.15 26.00
0.87 33.00
1.00 35.00
1.00 33.00
0.87 22.00
0.20 12.00
0.20 11.00
1.00 20.00
0.73 29.00
0.87 36.00
1.00 31.00
0.73 22.00
0.87 25.00
0.73 26.00
1.00 28.00
0.20 10.00
0.47 17.00
0.60 21.00
0.20 12.00
0.47 20.00
1.00 23.00
0.60 22.00
0.60 19.00
0.87 26.00
1.00 28.00
0.20 9.00
0.73 32.00
1.00 37.00
0.73 20.00
0.73 18.00
1.15 31.00
1.00 22.00
1.00 24.00
0.87 24.00
1.00 33.00
0.60 24.00
1.00 28.00
1.00 12.00
0.33 12.00
0.73 24.00
0.73 21.00
15.00 0.00
0.87 27.00
0.73 18.00
0.87 19.00
0.33 11.00
0.87 24.00
0.87 22.00
0.33 16.00
0.73 20.00
1.00 28.00
1.00 19.00
1.00 36.00
0.87 25.00
1.36 16.00
0.47 21.00
0.47 12.00
0.60 22.00
1.00 19.00
0.60 12.00
1.00 17.00
0.87 18.00
1.00 20.00
1.00 20.00
0.87 18.00
1.00 22.00
0.87 27.00
0.87 24.00
0.20 12.00
1.00 30.00
0.73 22.00
1.00 22.00
0.47 17.00
0.47 19.00
0.33 8.00
0.60 17.00
0.07 6.00
0.20 7.00
0.47 12.00
0.87 17.00
0.73 27.00
0.47 16.00
0.60 24.00
0.47 20.00
0.60 14.00
0.73 29.00
0.20 10.00
0.60 23.00
0.60 20.00
0.87 30.00
0.87 20.00
0.20 12.00
0.87 31.00
0.73 25.00
0.33 12.00
0.87 22.00
0.73 20.00
0.60 20.00
0.87 31.00
0.33 13.00
0.87 27.00
0.73 13.00
0.60 17.00
0.60 12.00
0.33 12.00
1.00 24.00
1.00 29.00
0.73 15.00
0.73 18.00
0.73 17.00
0.87 12.00
0.20 8.00
1.00 18.00
0.73 23.00
1.15 21.00
0.20 10.00
0.20 9.00
1.00 27.00
0.87 31.00
0.87 16.00
1.00 16.00
1.00 32.00
1.00 39.00
1.00 28.00
1.00 31.00
1.00 33.00
1.00 27.00
0.87 29.00
0.60 21.00
0.73 14.00
1.00 33.00
0.73 23.00
0.87 27.00
0.33 15.00
0.87 27.00
0.20 12.00
0.87 30.00
0.60 16.00
0.20 10.00
0.60 20.00
0.20 7.00
1.00 34.00
0.73 24.00
0.20 12.00
0.73 27.00
0.33 12.00
0.33 13.00
0.47 19.00
0.20 11.00
1.00 30.00
0.60 21.00
0.33 16.00
0.73 27.00
0.87 23.00
1.00 32.00
0.73 27.00
1.00 32.00
0.20 12.00
1.00 21.00
1.00 43.00
1.00 28.00
0.73 23.00
0.73 23.00
0.60 18.00
1.00 31.00
1.36 16.00
1.67 12.00
1.36 23.00
1.00 34.00
1.00 29.00
1.15 34.00
1.36 19.00
0.60 25.00
1.00 23.00
1.00 34.00
1.00 30.00
0.20 12.00
0.47 17.00
0.60 19.00
0.20 10.00
0.20 7.00
1.00 16.00
0.87 30.00
1.00 37.00
0.33 16.00
0.87 34.00
0.73 28.00
1.00 34.00
1.00 31.00
0.73 20.00
1.00 24.00
0.20 10.00
0.87 21.00
0.87 16.00
1.00 36.00
0.87 26.00
0.33 13.00
1.15 31.00
0.87 30.00
0.60 14.00
0.60 14.00
0.73 29.00
0.73 17.00
1.15 36.00
0.73 28.00
0.60 23.00
0.87 11.00
0.60 25.00
0.73 24.00
1.00 30.00
0.33 16.00
0.60 9.00
0.60 19.00
0.20 10.00
0.60 11.00
0.73 10.00
1.00 30.00
1.36 19.00
0.73 13.00
0.60 14.00
0.60 16.00
0.73 22.00
0.60 15.00
0.47 14.00
0.60 15.00
0.47 18.00
0.20 12.00
0.47 13.00
0.47 9.00
0.73 13.00
0.73 18.00
0.87 25.00
0.20 11.00
0.87 14.00
0.73 13.00
0.73 14.00
0.20 7.00
0.20 7.00
0.60 24.00
0.73 14.00
0.60 22.00
0.73 12.00
0.87 25.00
0.87 34.00
0.60 23.00
0.73 27.00
0.60 10.00
0.60 12.00
0.20 12.00
0.20 12.00
0.87 30.00
0.60 18.00
0.73 23.00
0.33 13.00
0.87 11.00
0.87 25.00
1.67 12.00
0.87 15.00
0.20 12.00
1.00 29.00
0.73 25.00
0.60 26.00
1.00 25.00
0.47 19.00
0.87 29.00
0.20 10.00
1.00 24.00
0.60 20.00
1.00 24.00
0.87 18.00
0.73 17.00
0.60 24.00
0.73 20.00
0.60 16.00
0.73 22.00
0.87 28.00
0.47 22.00
1.00 24.00
1.00 19.00
0.87 29.00
0.20 12.00
0.73 22.00
1.00 27.00
0.73 20.00
1.00 20.00
0.47 22.00
1.00 26.00
0.20 9.00
1.00 28.00
0.87 22.00
0.87 16.00
1.15 35.00
0.87 25.00
0.47 13.00
0.73 11.00
0.73 18.00
0.47 15.00
0.73 27.00
0.87 24.00
1.00 37.00
1.00 24.00
0.87 33.00
0.87 25.00
0.87 12.00
0.73 13.00
1.00 35.00
0.73 18.00
0.87 27.00
0.87 22.00
0.20 10.00
0.47 21.00
1.00 24.00
1.00 28.00
0.87 23.00
0.20 12.00
0.60 18.00
0.87 13.00
0.20 12.00
0.60 10.00
1.00 22.00
0.73 31.00
1.00 35.00
1.15 34.00
2.14 0.00
0.87 28.00
0.60 22.00
0.60 20.00
0.73 23.00
1.00 21.00
0.73 17.00
0.73 20.00
1.00 29.00
0.20 9.00
0.20 8.00
0.87 19.00
0.20 10.00
1.00 11.00
0.87 29.00
0.87 29.00
1.00 31.00
1.15 19.00
1.15 31.00
1.00 28.00
1.15 29.00
0.87 31.00
1.00 20.00
0.73 9.00
0.87 21.00
0.60 20.00
0.60 21.00
0.87 22.00
0.87 26.00
0.87 30.00
1.00 27.00
0.73 27.00
0.60 23.00
0.60 21.00
0.73 18.00
0.60 24.00
0.33 13.00
1.00 26.00
0.73 28.00
0.73 28.00
0.73 24.00
0.73 30.00
0.87 27.00
1.00 28.00
0.73 33.00
0.73 30.00
1.15 23.00
0.87 20.00
0.87 15.00
0.87 21.00
0.73 27.00
1.00 38.00
1.00 29.00
0.60 26.00
0.87 30.00
1.00 25.00
1.15 36.00
0.60 24.00
0.87 32.00
0.60 23.00
1.15 18.00
1.15 21.00
0.87 27.00
0.60 24.00
0.73 17.00
0.20 12.00
0.87 15.00
0.60 24.00
0.60 17.00
1.00 31.00
1.00 36.00
1.00 26.00
0.87 29.00
0.87 13.00
1.00 21.00
1.00 31.00
1.00 39.00
0.20 12.00
0.60 18.00
1.00 25.00
0.87 22.00
1.00 26.00
1.00 31.00
0.73 18.00
0.73 14.00
0.20 12.00
1.00 24.00
0.20 11.00
1.00 37.00
0.87 30.00
0.60 25.00
0.60 21.00
1.00 34.00
0.73 28.00
0.60 24.00
0.20 12.00
1.15 32.00
0.87 32.00
0.87 19.00
0.73 20.00
0.73 19.00
0.47 16.00
0.73 22.00
0.73 29.00
1.15 35.00
1.00 30.00
0.20 10.00
0.87 17.00
0.87 25.00
0.33 14.00
0.87 26.00
0.20 12.00
0.60 10.00
0.87 17.00
0.20 12.00
0.60 14.00
1.00 26.00
0.87 31.00
0.73 26.00
0.20 12.00
0.47 19.00
0.73 19.00
0.87 33.00
0.60 23.00
0.73 29.00
0.87 31.00
0.73 21.00
1.00 38.00
0.20 12.00
0.20 11.00
0.73 27.00
0.73 12.00
1.00 33.00
1.00 34.00
0.87 26.00
0.33 12.00
0.47 14.00
0.87 22.00
1.00 13.00
1.00 20.00
0.20 9.00
0.60 17.00
0.87 25.00
1.36 10.00
0.87 28.00
1.00 15.00
0.87 26.00
0.07 6.00
0.60 15.00
0.47 16.00
0.47 17.00
0.60 21.00
0.60 13.00
0.60 19.00
0.87 24.00
0.60 21.00
1.00 24.00
0.87 31.00
1.00 28.00
0.73 19.00
0.73 26.00
0.87 26.00
0.73 8.00
1.00 17.00
1.00 29.00
0.87 31.00
0.87 28.00
1.00 16.00
0.87 11.00
0.20 11.00
0.20 9.00
0.87 30.00
0.87 18.00
0.47 18.00
1.00 30.00
0.87 21.00
0.60 22.00
0.73 12.00
0.20 12.00
0.60 26.00
1.00 23.00
1.00 29.00
0.87 21.00
0.20 12.00
1.00 31.00
0.87 27.00
1.00 29.00
1.00 22.00
0.47 14.00
0.87 31.00
0.87 31.00
1.00 32.00
0.73 24.00
0.47 14.00
0.87 19.00
0.60 25.00
0.87 20.00
1.00 32.00
0.33 14.00
0.87 19.00
0.60 22.00
1.00 24.00
0.60 20.00
0.73 27.00
1.00 28.00
0.60 20.00
0.60 11.00
1.15 23.00
0.47 9.00
0.47 17.00
0.60 21.00
0.60 12.00
0.60 19.00
1.15 18.00
0.60 23.00
0.73 27.00
0.73 27.00
0.60 20.00
0.73 24.00
0.60 20.00
1.00 31.00
0.73 17.00
0.73 19.00
0.60 13.00
1.15 38.00
1.36 25.00
1.15 42.00
1.15 35.00
1.36 21.00
0.73 24.00
1.00 30.00
0.87 26.00
1.00 31.00
0.73 23.00
1.00 42.00
1.00 32.00
1.00 24.00
0.73 21.00
1.00 40.00
1.00 28.00
1.00 33.00
1.00 39.00
0.33 15.00
0.20 12.00
0.60 27.00
0.60 19.00
0.73 32.00
1.00 38.00
0.33 18.00
