13.00 15.00 18.00
15.00 15.00 33.00
11.00 15.00 16.00
11.00 15.00 20.00
13.00 15.00 22.00
9.00 15.00 13.00
9.00 15.00 17.00
3.00 15.00 10.00
15.00 15.00 25.00
3.00 15.00 9.00
13.00 15.00 28.00
9.00 15.00 23.00
3.00 15.00 10.00
3.00 15.00 7.00
7.00 15.00 19.00
9.00 15.00 18.00
11.00 15.00 20.00
15.00 15.00 39.00
15.00 15.00 31.00
5.00 15.00 13.00
9.00 15.00 18.00
11.00 15.00 27.00
13.00 15.00 23.00
15.00 15.00 20.00
11.00 15.00 25.00
11.00 15.00 21.00
15.00 15.00 21.00
9.00 15.00 22.00
11.00 15.00 22.00
3.00 15.00 10.00
13.00 15.00 23.00
9.00 15.00 10.00
9.00 15.00 19.00
9.00 15.00 19.00
3.00 15.00 11.00
9.00 15.00 9.00
15.00 15.00 10.00
11.00 15.00 27.00
13.00 15.00 26.00
7.00 15.00 19.00
13.00 15.00 24.00
15.00 15.00 15.00
11.00 15.00 28.00
13.00 15.00 26.00
3.00 15.00 12.00
9.00 15.00 17.00
13.00 15.00 27.00
11.00 15.00 20.00
15.00 15.00 18.00
9.00 15.00 18.00
11.00 15.00 12.00
11.00 15.00 21.00
11.00 15.00 17.00
7.00 15.00 17.00
9.00 15.00 18.00
5.00 15.00 9.00
7.00 15.00 13.00
15.00 13.00 17.00
13.00 15.00 30.00
15.00 15.00 35.00
13.00 15.00 25.00
11.00 15.00 25.00
15.00 13.00 21.00
9.00 15.00 24.00
7.00 15.00 19.00
9.00 15.00 19.00
15.00 11.00 11.00
13.00 15.00 15.00
15.00 15.00 37.00
13.00 15.00 30.00
5.00 15.00 12.00
11.00 15.00 23.00
11.00 15.00 28.00
11.00 15.00 31.00
11.00 15.00 22.00
11.00 15.00 20.00
13.00 15.00 12.00
9.00 15.00 25.00
15.00 9.00 5.00
15.00 15.00 21.00
15.00 15.00 35.00
11.00 15.00 25.00
3.00 15.00 12.00
11.00 15.00 26.00
15.00 15.00 29.00
13.00 15.00 32.00
9.00 15.00 25.00
11.00 15.00 28.00
15.00 15.00 35.00
11.00 15.00 21.00
13.00 15.00 28.00
15.00 15.00 18.00
3.00 15.00 12.00
11.00 15.00 27.00
11.00 15.00 18.00
15.00 15.00 28.00
13.00 15.00 23.00
11.00 15.00 21.00
13.00 15.00 26.00
11.00 15.00 17.00
11.00 15.00 24.00
13.00 15.00 25.00
11.00 15.00 21.00
13.00 15.00 30.00
15.00 15.00 29.00
15.00 15.00 25.00
15.00 15.00 31.00
9.00 15.00 19.00
15.00 15.00 33.00
11.00 15.00 21.00
11.00 15.00 25.00
15.00 15.00 31.00
3.00 15.00 11.00
15.00 13.00 21.00
15.00 15.00 23.00
15.00 15.00 39.00
15.00 15.00 32.00
11.00 15.00 12.00
9.00 15.00 11.00
15.00 15.00 16.00
13.00 15.00 36.00
15.00 15.00 30.00
15.00 13.00 25.00
9.00 15.00 25.00
5.00 15.00 12.00
13.00 15.00 31.00
3.00 15.00 12.00
13.00 15.00 18.00
15.00 15.00 37.00
5.00 15.00 12.00
15.00 15.00 31.00
11.00 15.00 21.00
15.00 15.00 36.00
13.00 15.00 31.00
15.00 15.00 39.00
15.00 15.00 22.00
7.00 15.00 20.00
5.00 15.00 16.00
13.00 15.00 21.00
11.00 15.00 22.00
15.00 15.00 25.00
11.00 15.00 22.00
11.00 15.00 28.00
11.00 15.00 27.00
3.00 15.00 11.00
13.00 15.00 12.00
11.00 15.00 28.00
13.00 15.00 34.00
13.00 15.00 23.00
9.00 15.00 18.00
9.00 15.00 12.00
9.00 15.00 20.00
9.00 15.00 22.00
15.00 15.00 21.00
11.00 15.00 20.00
9.00 15.00 12.00
15.00 15.00 18.00
15.00 15.00 36.00
15.00 15.00 19.00
11.00 15.00 19.00
9.00 15.00 23.00
11.00 15.00 26.00
11.00 15.00 16.00
11.00 15.00 26.00
11.00 15.00 32.00
11.00 15.00 30.00
11.00 15.00 24.00
13.00 15.00 14.00
7.00 15.00 12.00
15.00 11.00 25.00
15.00 13.00 21.00
15.00 9.00 7.00
11.00 15.00 15.00
11.00 15.00 27.00
15.00 15.00 31.00
5.00 15.00 17.00
15.00 15.00 34.00
15.00 15.00 19.00
11.00 15.00 17.00
3.00 15.00 12.00
15.00 15.00 34.00
15.00 15.00 20.00
15.00 9.00 10.00
15.00 13.00 36.00
5.00 15.00 12.00
15.00 15.00 30.00
9.00 15.00 18.00
15.00 15.00 21.00
15.00 15.00 37.00
15.00 13.00 33.00
13.00 15.00 15.00
7.00 15.00 21.00
13.00 15.00 22.00
11.00 15.00 26.00
9.00 15.00 20.00
13.00 15.00 17.00
7.00 15.00 18.00
3.00 15.00 8.00
11.00 15.00 23.00
15.00 15.00 26.00
11.00 15.00 20.00
13.00 15.00 23.00
15.00 15.00 20.00
15.00 9.00 7.00
15.00 15.00 14.00
9.00 15.00 20.00
3.00 15.00 12.00
13.00 15.00 21.00
15.00 11.00 9.00
7.00 15.00 14.00
9.00 15.00 19.00
9.00 15.00 21.00
5.00 15.00 12.00
9.00 15.00 15.00
15.00 13.00 27.00
11.00 15.00 28.00
11.00 15.00 25.00
9.00 15.00 20.00
11.00 15.00 22.00
13.00 15.00 19.00
7.00 15.00 14.00
3.00 15.00 12.00
13.00 15.00 28.00
15.00 11.00 6.00
9.00 15.00 20.00
15.00 15.00 33.00
15.00 13.00 35.00
11.00 15.00 27.00
15.00 15.00 14.00
15.00 15.00 33.00
13.00 15.00 27.00
11.00 15.00 20.00
11.00 15.00 19.00
3.00 15.00 12.00
3.00 15.00 12.00
11.00 15.00 19.00
3.00 15.00 12.00
11.00 15.00 27.00
15.00 15.00 28.00
11.00 15.00 12.00
9.00 15.00 20.00
15.00 15.00 26.00
9.00 15.00 11.00
15.00 15.00 19.00
7.00 15.00 14.00
3.00 15.00 10.00
5.00 15.00 14.00
15.00 13.00 34.00
15.00 13.00 35.00
15.00 15.00 35.00
5.00 15.00 16.00
3.00 15.00 9.00
9.00 15.00 19.00
3.00 15.00 12.00
11.00 15.00 23.00
15.00 15.00 28.00
